0.10000000 0.01000000 1.00000000 -2.09999990
0.10000000 0.06000000 1.00000000 -2.09999990
0.10000000 0.11000000 1.00000000 -2.09999990
0.10000000 0.16000000 1.00000000 -2.09999990
0.10000000 0.20999999 1.00000000 -2.09999990
0.10000000 0.25999999 1.00000000 -2.09999990
0.10000000 0.31000000 1.00000000 -2.09999990
0.10000000 0.36000001 1.00000000 -2.09999990
0.10000000 0.41000000 0.99999994 -2.09999967
0.10000000 0.46000001 0.99999988 -2.09999943
0.10000000 0.50999999 0.99999982 -2.09999919
0.10000000 0.56000000 0.99999911 -2.09999609
0.10000000 0.61000001 0.99999684 -2.09998679
0.10000000 0.66000003 0.99999124 -2.09996414
0.10000000 0.70999998 0.99998057 -2.09992051
0.10000000 0.75999999 0.99995965 -2.09983516
0.10000000 0.81000000 0.99991745 -2.09966302
0.10000000 0.86000001 0.99984676 -2.09937716
0.10000000 0.91000003 0.99974227 -2.09895444
0.10000000 0.95999998 0.99959123 -2.09834576
0.10000000 1.00999999 0.99936414 -2.09743452
0.10000000 1.05999994 0.99905723 -2.09621286
0.10000000 1.11000001 0.99862707 -2.09450746
0.10000000 1.15999997 0.99808979 -2.09239244
0.10000000 1.21000004 0.99740106 -2.08970952
0.10000000 1.25999999 0.99651194 -2.08626390
0.10000000 1.30999994 0.99541461 -2.08208704
0.10000000 1.36000001 0.99411702 -2.07715392
0.10000000 1.40999997 0.99247140 -2.07100368
0.10000000 1.46000004 0.99061269 -2.06413841
0.10000000 1.50999999 0.98840755 -2.05613780
0.10000000 1.55999994 0.98570198 -2.04645085
0.10000000 1.61000001 0.98264360 -2.03569794
0.10000000 1.65999997 0.97895485 -2.02302623
0.10000000 1.71000004 0.97497231 -2.00950718
0.10000000 1.76000011 0.97008526 -1.99341273
0.10000000 1.80999994 0.96457535 -1.97568452
0.10000000 1.86000001 0.95824987 -1.95579624
0.10000000 1.90999997 0.95099938 -1.93387532
0.10000000 1.96000004 0.94258326 -1.90921164
0.10000000 2.00999999 0.93309367 -1.88216078
0.10000000 2.06000018 0.92218256 -1.85238528
0.10000000 2.10999990 0.90954512 -1.81947184
0.10000000 2.16000009 0.89557058 -1.78423476
0.10000000 2.21000004 0.87868297 -1.74427700
0.10000000 2.25999999 0.85929722 -1.70089209
0.10000000 2.30999994 0.83828110 -1.65568447
0.10000000 2.36000013 0.81317341 -1.60541415
0.10000000 2.41000009 0.78481328 -1.55151260
0.10000000 2.46000004 0.75335467 -1.49592710
0.10000000 2.50999999 0.71670938 -1.43582499
0.10000000 2.55999994 0.67816985 -1.37541687
0.10000000 2.60999990 0.63944530 -1.31726146
0.10000000 2.66000009 0.59568596 -1.25632977
0.10000000 2.71000004 0.55054742 -1.19675601
0.10000000 2.75999999 0.51052117 -1.14457560
0.10000000 2.80999994 0.46921977 -1.09290004
0.10000000 2.86000037 0.43195221 -1.04693007
0.10000000 2.91000009 0.39673313 -1.00428843
0.10000000 2.96000004 0.36363414 -0.96451402
0.10000000 3.00999999 0.33647186 -0.93043637
0.10000000 3.05999994 0.30960041 -0.89721602
0.10000000 3.10999990 0.28543156 -0.86735916
0.10000000 3.16000009 0.26427656 -0.84036332
0.10000000 3.21000004 0.24729550 -0.81618065
0.10000000 3.25999999 0.23057711 -0.79334497
0.10000000 3.30999994 0.21534263 -0.77215421
0.10000000 3.35999990 0.20149831 -0.75263804
0.10000000 3.41000009 0.19034149 -0.73473209
0.10000000 3.46000028 0.17864044 -0.71681911
0.10000000 3.51000023 0.16823138 -0.70032746
0.10000000 3.55999994 0.15910913 -0.68561256
0.10000000 3.60999990 0.15165734 -0.67138457
0.10000000 3.66000009 0.14368340 -0.65746349
0.10000000 3.71000004 0.13721754 -0.64491308
0.10000000 3.75999999 0.13106711 -0.63208991
0.10000000 3.80999994 0.12465815 -0.62048149
0.10000000 3.85999990 0.11937625 -0.60914898
0.10000000 3.91000009 0.11420105 -0.59828681
0.10000000 3.96000004 0.10938925 -0.58794016
0.10000000 4.01000023 0.10468997 -0.57748002
0.10000000 4.05999994 0.10106207 -0.56836605
0.10000000 4.11000013 0.09790927 -0.55931586
0.10000000 4.16000032 0.09343805 -0.55030560
0.10000000 4.21000004 0.09005216 -0.54152709
0.10000000 4.26000023 0.08751620 -0.53322184
0.10000000 4.30999994 0.08449179 -0.52578419
0.10000000 4.36000013 0.08199801 -0.51804101
0.10000000 4.40999985 0.07913715 -0.51042861
0.10000000 4.46000004 0.07707679 -0.50360662
0.10000000 4.51000023 0.07409409 -0.49636045
0.10000000 4.55999994 0.07203402 -0.48987362
0.10000000 4.61000013 0.07016671 -0.48313600
0.10000000 4.65999985 0.06817178 -0.47688475
0.10000000 4.71000051 0.06634772 -0.47078297
0.10000000 4.76000023 0.06454550 -0.46451387
0.10000000 4.80999994 0.06239893 -0.45843753
0.10000000 4.86000013 0.06131629 -0.45350254
0.10000000 4.90999985 0.05966806 -0.44758663
0.10000000 4.96000004 0.05831732 -0.44231844
0.10000000 5.01000023 0.05653656 -0.43676376
0.10000000 5.05999994 0.05526209 -0.43212259
0.10000000 5.11000013 0.05425549 -0.42710134
0.10000000 5.15999985 0.05297122 -0.42205921
0.10000000 5.21000004 0.05181064 -0.41757175
0.10000000 5.26000023 0.05056644 -0.41291174
0.10000000 5.30999994 0.04952380 -0.40821251
0.10000000 5.36000013 0.04868665 -0.40397114
0.10000000 5.40999985 0.04753354 -0.39954334
0.10000000 5.46000004 0.04650455 -0.39538789
0.10000000 5.51000023 0.04571142 -0.39107284
0.10000000 5.55999994 0.04492520 -0.38725016
0.10000000 5.61000013 0.04353683 -0.38307115
0.10000000 5.66000080 0.04287720 -0.37945288
0.10000000 5.71000051 0.04215555 -0.37573996
0.10000000 5.76000071 0.04143109 -0.37199521
0.10000000 5.80999994 0.04065567 -0.36844644
0.10000000 5.86000013 0.04012729 -0.36443150
0.10000000 5.90999985 0.03934177 -0.36135453
0.10000000 5.96000004 0.03878372 -0.35802487
0.10000000 6.01000023 0.03782999 -0.35459775
0.10000000 6.05999994 0.03740564 -0.35154191
0.10000000 6.11000013 0.03666638 -0.34783161
0.10000000 6.15999985 0.03640069 -0.34502983
0.10000000 6.21000004 0.03560871 -0.34138435
0.10000000 6.26000023 0.03510184 -0.33869445
0.10000000 6.30999994 0.03449197 -0.33584854
0.10000000 6.36000013 0.03412985 -0.33300406
0.10000000 6.40999985 0.03319208 -0.32994610
0.10000000 6.46000004 0.03289822 -0.32726884
0.10000000 6.51000023 0.03227676 -0.32449600
0.10000000 6.55999994 0.03187311 -0.32157874
0.10000000 6.61000013 0.03151810 -0.31876656
0.10000000 6.65999985 0.03096039 -0.31635422
0.10000000 6.71000004 0.03053220 -0.31370673
0.10000000 6.76000023 0.03009256 -0.31132281
0.10000000 6.80999994 0.02962433 -0.30874178
0.10000000 6.86000013 0.02940219 -0.30640903
0.10000000 6.91000080 0.02879257 -0.30407518
0.10000000 6.96000051 0.02853375 -0.30175474
0.10000000 7.01000071 0.02833591 -0.29887474
0.10000000 7.05999994 0.02790372 -0.29662931
0.10000000 7.11000013 0.02735486 -0.29486543
0.10000000 7.15999985 0.02721680 -0.29240820
0.10000000 7.21000004 0.02688596 -0.29048583
0.10000000 7.26000023 0.02655496 -0.28809655
0.10000000 7.30999994 0.02605801 -0.28591287
0.10000000 7.36000013 0.02598614 -0.28401890
0.10000000 7.40999985 0.02571713 -0.28217125
0.10000000 7.46000004 0.02498123 -0.27977273
0.10000000 7.51000023 0.02499695 -0.27773878
0.10000000 7.55999994 0.02442960 -0.27560347
0.10000000 7.61000013 0.02435654 -0.27377892
0.10000000 7.65999985 0.02417255 -0.27176699
0.10000000 7.71000004 0.02388190 -0.27007550
0.10000000 7.76000023 0.02357544 -0.26842481
0.10000000 7.80999994 0.02340268 -0.26656929
0.10000000 7.86000013 0.02305118 -0.26448455
0.10000000 7.90999985 0.02281763 -0.26281136
0.10000000 7.96000004 0.02241623 -0.26107335
0.10000000 8.01000023 0.02216907 -0.25925824
0.10000000 8.06000042 0.02222433 -0.25760886
0.10000000 8.10999966 0.02173877 -0.25587028
0.10000000 8.16000080 0.02163174 -0.25441268
0.10000000 8.21000099 0.02156705 -0.25256228
0.10000000 8.26000023 0.02126648 -0.25097331
0.10000000 8.31000042 0.02095123 -0.24929580
0.10000000 8.35999966 0.02071890 -0.24743199
0.10000000 8.40999985 0.02072894 -0.24631588
0.10000000 8.46000004 0.02034958 -0.24440581
0.10000000 8.51000023 0.02018704 -0.24320309
0.10000000 8.56000042 0.01988309 -0.24173038
0.10000000 8.60999966 0.01982739 -0.24009889
0.10000000 8.65999985 0.01960687 -0.23884900
0.10000000 8.71000004 0.01945712 -0.23726584
0.10000000 8.76000023 0.01921475 -0.23571463
0.10000000 8.81000042 0.01918207 -0.23485295
0.10000000 8.85999966 0.01908731 -0.23301408
0.10000000 8.90999985 0.01872073 -0.23157184
0.10000000 8.96000004 0.01856796 -0.23049206
0.10000000 9.01000023 0.01844510 -0.22885482
0.10000000 9.06000042 0.01826260 -0.22754282
0.10000000 9.10999966 0.01812448 -0.22616242
0.10000000 9.15999985 0.01791467 -0.22492397
0.10000000 9.21000004 0.01770740 -0.22392778
0.10000000 9.26000023 0.01765173 -0.22272873
0.10000000 9.31000042 0.01750091 -0.22131033
0.10000000 9.35999966 0.01728326 -0.22028112
0.10000000 9.41000080 0.01718225 -0.21858749
0.10000000 9.46000099 0.01696292 -0.21803199
0.10000000 9.51000023 0.01690704 -0.21640860
0.10000000 9.56000042 0.01687430 -0.21513793
0.10000000 9.60999966 0.01674860 -0.21393926
0.10000000 9.65999985 0.01636365 -0.21294123
0.10000000 9.71000004 0.01628503 -0.21216378
0.10000000 9.76000023 0.01628671 -0.21076539
0.10000000 9.81000042 0.01609772 -0.20964023
0.10000000 9.85999966 0.01602026 -0.20817003
0.10000000 9.90999985 0.01589136 -0.20722024
0.10000000 9.96000004 0.01578851 -0.20600402
0.10000000 10.01000023 0.01562445 -0.20506342
0.10000000 10.06000042 0.01553049 -0.20384486
0.10000000 10.10999966 0.01546060 -0.20305839
0.10000000 10.15999985 0.01541455 -0.20221767
0.10000000 10.21000004 0.01521735 -0.20088862
0.10000000 10.26000023 0.01510745 -0.19983143
0.10000000 10.31000042 0.01494849 -0.19875535
0.10000000 10.35999966 0.01488052 -0.19803023
0.10000000 10.40999985 0.01476816 -0.19713277
0.10000000 10.46000004 0.01472058 -0.19584315
0.10000000 10.51000023 0.01468951 -0.19522737
0.10000000 10.56000042 0.01440036 -0.19450681
0.10000000 10.60999966 0.01445636 -0.19339651
0.10000000 10.65999985 0.01430072 -0.19229470
0.10000000 10.71000004 0.01408060 -0.19137742
0.10000000 10.76000023 0.01407312 -0.18999319
0.10000000 10.81000042 0.01392999 -0.18946350
0.10000000 10.85999966 0.01380414 -0.18816814
0.10000000 10.90999985 0.01382874 -0.18768604
0.10000000 10.96000004 0.01359360 -0.18637553
0.10000000 11.01000023 0.01364102 -0.18562093
0.10000000 11.06000042 0.01351767 -0.18476181
0.10000000 11.10999966 0.01341797 -0.18402705
0.10000000 11.15999985 0.01339081 -0.18328927
0.10000000 11.21000004 0.01320963 -0.18236546
0.10000000 11.26000023 0.01328912 -0.18146026
0.10000000 11.31000137 0.01310986 -0.18083222
0.10000000 11.35999966 0.01307547 -0.17980914
0.10000000 11.41000080 0.01298883 -0.17920013
0.10000000 11.46000004 0.01286139 -0.17828602
0.10000000 11.51000118 0.01274661 -0.17767279
0.10000000 11.56000042 0.01266434 -0.17691834
0.10000000 11.60999966 0.01254706 -0.17621845
0.10000000 11.65999985 0.01251709 -0.17564856
0.10000000 11.71000004 0.01252582 -0.17491670
0.10000000 11.76000023 0.01239639 -0.17336452
0.10000000 11.81000042 0.01222867 -0.17307314
0.10000000 11.85999966 0.01232593 -0.17238811
0.10000000 11.90999985 0.01206259 -0.17160518
0.10000000 11.96000004 0.01210669 -0.17079404
0.10000000 12.01000023 0.01197653 -0.16994491
0.10000000 12.06000042 0.01196683 -0.16907315
0.10000000 12.10999966 0.01189294 -0.16852017
0.10000000 12.15999985 0.01180078 -0.16762869
0.10000000 12.21000004 0.01172565 -0.16687202
0.10000000 12.26000023 0.01166000 -0.16627312
0.10000000 12.31000042 0.01156699 -0.16544911
0.10000000 12.35999966 0.01144116 -0.16506745
0.10000000 12.40999985 0.01149457 -0.16419140
0.10000000 12.46000004 0.01144122 -0.16382967
0.10000000 12.51000023 0.01139413 -0.16322133
0.10000000 12.56000137 0.01124936 -0.16210522
0.10000000 12.60999966 0.01135257 -0.16152406
0.10000000 12.66000080 0.01117435 -0.16087335
0.10000000 12.71000004 0.01118488 -0.16047646
0.10000000 12.76000118 0.01098050 -0.15946609
0.10000000 12.81000042 0.01101358 -0.15924357
0.10000000 12.85999966 0.01083569 -0.15828054
0.10000000 12.90999985 0.01084210 -0.15758219
0.10000000 12.96000004 0.01089133 -0.15723623
0.10000000 13.01000023 0.01066226 -0.15625684
0.10000000 13.06000042 0.01079144 -0.15622649
0.10000000 13.10999966 0.01061536 -0.15518208
0.10000000 13.15999985 0.01060712 -0.15457280
0.10000000 13.21000004 0.01046579 -0.15409589
0.10000000 13.26000023 0.01041153 -0.15329750
0.10000000 13.31000042 0.01047324 -0.15294966
0.10000000 13.35999966 0.01027283 -0.15226611
0.10000000 13.40999985 0.01031808 -0.15176764
0.10000000 13.46000004 0.01022244 -0.15119021
0.10000000 13.51000023 0.01031824 -0.15094082
0.10000000 13.56000042 0.01010394 -0.14993191
0.10000000 13.60999966 0.01015677 -0.14920415
0.10000000 13.65999985 0.01010941 -0.14878823
0.10000000 13.71000004 0.00995825 -0.14812358
0.10000000 13.76000023 0.00993277 -0.14821643
0.10000000 13.81000137 0.00997839 -0.14712730
0.10000000 13.85999966 0.00984079 -0.14661238
0.10000000 13.91000080 0.00984091 -0.14606357
0.10000000 13.96000004 0.00973575 -0.14592475
0.10000000 14.01000118 0.00966971 -0.14490588
0.10000000 14.06000042 0.00973511 -0.14434326
0.10000000 14.10999966 0.00957867 -0.14393035
0.10000000 14.15999985 0.00961114 -0.14352942
0.10000000 14.21000004 0.00956958 -0.14280950
0.10000000 14.26000023 0.00953561 -0.14295027
0.10000000 14.31000042 0.00949139 -0.14182609
0.10000000 14.35999966 0.00935587 -0.14156504
0.10000000 14.40999985 0.00937500 -0.14134692
0.10000000 14.46000004 0.00943066 -0.14054348
0.10000000 14.51000023 0.00928552 -0.14053921
0.10000000 14.56000042 0.00917438 -0.13982698
0.10000000 14.60999966 0.00922876 -0.13875796
0.10000000 14.65999985 0.00915988 -0.13821726
0.10000000 14.71000004 0.00914169 -0.13831261
0.10000000 14.76000023 0.00902789 -0.13770601
0.10000000 14.81000042 0.00896860 -0.13718422
0.10000000 14.85999966 0.00901984 -0.13673811
0.10000000 14.90999985 0.00893509 -0.13599165
0.10000000 14.96000004 0.00891745 -0.13575955
0.10000000 15.01000023 0.00888260 -0.13548048
0.10000000 15.06000137 0.00891367 -0.13456574
0.10000000 15.10999966 0.00883408 -0.13461162
0.10000000 15.16000080 0.00871573 -0.13407934
0.10000000 15.21000004 0.00864777 -0.13316159
0.10000000 15.26000118 0.00864609 -0.13319151
0.10000000 15.31000042 0.00866666 -0.13226089
0.10000000 15.36000156 0.00858990 -0.13202788
0.10000000 15.40999985 0.00854230 -0.13150559
0.10000000 15.46000004 0.00849521 -0.13085862
0.10000000 15.51000023 0.00855630 -0.13149638
0.10000000 15.56000042 0.00840015 -0.13043217
0.10000000 15.60999966 0.00843774 -0.13011019
0.10000000 15.65999985 0.00836304 -0.12945099
0.10000000 15.71000004 0.00835620 -0.12930314
0.10000000 15.76000023 0.00848154 -0.12893519
0.10000000 15.81000042 0.00821210 -0.12848741
0.10000000 15.85999966 0.00822632 -0.12825720
0.10000000 15.90999985 0.00815674 -0.12715350
0.10000000 15.96000004 0.00821768 -0.12702794
0.10000000 16.01000023 0.00817712 -0.12664010
0.10000000 16.05999947 0.00805655 -0.12567742
0.10000000 16.11000061 0.00806821 -0.12643456
0.10000000 16.15999985 0.00811575 -0.12560442
0.10000000 16.20999908 0.00803021 -0.12517595
0.10000000 16.26000023 0.00805127 -0.12424275
0.10000000 16.31000137 0.00794955 -0.12444596
0.10000000 16.36000061 0.00802081 -0.12407704
0.10000000 16.41000175 0.00788367 -0.12326090
0.10000000 16.45999908 0.00788867 -0.12337975
0.10000000 16.51000214 0.00789862 -0.12296009
0.10000000 16.55999947 0.00782721 -0.12228309
0.10000000 16.61000061 0.00773993 -0.12198713
0.10000000 16.65999985 0.00784354 -0.12161541
0.10000000 16.70999908 0.00771649 -0.12153330
0.10000000 16.76000023 0.00765158 -0.12071407
0.10000000 16.80999947 0.00768954 -0.12075693
0.10000000 16.86000061 0.00758820 -0.12030704
0.10000000 16.90999985 0.00767954 -0.11972498
0.10000000 16.95999908 0.00751437 -0.11915568
0.10000000 17.01000023 0.00757022 -0.11908039
0.10000000 17.05999947 0.00748782 -0.11868549
0.10000000 17.11000061 0.00752151 -0.11848335
0.10000000 17.15999985 0.00751410 -0.11804646
0.10000000 17.20999908 0.00738422 -0.11778805
0.10000000 17.26000023 0.00747827 -0.11751528
0.10000000 17.30999947 0.00734125 -0.11734875
0.10000000 17.36000061 0.00735803 -0.11712527
0.10000000 17.40999985 0.00725757 -0.11660545
0.10000000 17.45999908 0.00731067 -0.11622417
0.10000000 17.51000023 0.00722321 -0.11552090
0.10000000 17.56000137 0.00729694 -0.11545522
0.10000000 17.61000061 0.00726398 -0.11515077
0.10000000 17.66000175 0.00718878 -0.11472010
0.10000000 17.70999908 0.00717816 -0.11451402
0.10000000 17.76000214 0.00713300 -0.11407206
0.10000000 17.80999947 0.00711313 -0.11353461
0.10000000 17.86000061 0.00706577 -0.11335025
0.10000000 17.90999985 0.00711288 -0.11346935
0.10000000 17.95999908 0.00698657 -0.11312102
0.10000000 18.01000023 0.00699042 -0.11242633
0.10000000 18.05999947 0.00694821 -0.11200561
0.10000000 18.11000061 0.00697281 -0.11187129
0.10000000 18.15999985 0.00700940 -0.11151777
0.10000000 18.20999908 0.00700104 -0.11144187
0.10000000 18.26000023 0.00681717 -0.11065828
0.10000000 18.30999947 0.00697052 -0.11024369
0.10000000 18.36000061 0.00682703 -0.11019467
0.10000000 18.40999985 0.00684061 -0.10946538
0.10000000 18.45999908 0.00684290 -0.10918222
0.10000000 18.51000023 0.00673923 -0.10964542
0.10000000 18.55999947 0.00684930 -0.10874078
0.10000000 18.61000061 0.00678174 -0.10849318
0.10000000 18.65999985 0.00664078 -0.10823189
0.10000000 18.70999908 0.00673874 -0.10808751
0.10000000 18.76000023 0.00661737 -0.10827215
0.10000000 18.81000137 0.00660254 -0.10765586
0.10000000 18.86000061 0.00666678 -0.10752141
0.10000000 18.91000175 0.00660196 -0.10647263
0.10000000 18.95999908 0.00659213 -0.10652909
0.10000000 19.01000214 0.00658414 -0.10651175
0.10000000 19.05999947 0.00652423 -0.10602852
0.10000000 19.11000061 0.00646683 -0.10606563
0.10000000 19.15999985 0.00653250 -0.10572558
0.10000000 19.20999908 0.00647800 -0.10524759
0.10000000 19.26000023 0.00635831 -0.10492636
0.10000000 19.30999947 0.00646594 -0.10509881
0.10000000 19.36000061 0.00639783 -0.10437306
0.10000000 19.40999985 0.00640121 -0.10454405
0.10000000 19.45999908 0.00637979 -0.10342845
0.10000000 19.51000023 0.00634711 -0.10382953
0.10000000 19.55999947 0.00640576 -0.10365389
0.10000000 19.61000061 0.00632739 -0.10276012
0.10000000 19.65999985 0.00631558 -0.10313327
0.10000000 19.70999908 0.00633655 -0.10280938
0.10000000 19.76000023 0.00628134 -0.10246425
0.10000000 19.80999947 0.00624182 -0.10234977
0.10000000 19.86000061 0.00626575 -0.10168706
0.10000000 19.90999985 0.00617499 -0.10171686
0.10000000 19.95999908 0.00616528 -0.10117921
0.10000000 20.01000023 0.00619916 -0.10120890
0.20000000 0.01000000 1.00000000 -2.20000005
0.20000000 0.06000000 1.00000000 -2.20000005
0.20000000 0.11000000 1.00000000 -2.20000005
0.20000000 0.16000000 1.00000000 -2.20000005
0.20000000 0.20999999 1.00000000 -2.20000005
0.20000000 0.25999999 1.00000000 -2.20000005
0.20000000 0.31000000 1.00000000 -2.20000005
0.20000000 0.36000001 1.00000000 -2.20000005
0.20000000 0.41000000 1.00000000 -2.20000005
0.20000000 0.46000001 1.00000000 -2.20000005
0.20000000 0.50999999 0.99999982 -2.19999933
0.20000000 0.56000000 0.99999958 -2.19999814
0.20000000 0.61000001 0.99999785 -2.19999099
0.20000000 0.66000003 0.99999374 -2.19997382
0.20000000 0.70999998 0.99998510 -2.19993734
0.20000000 0.75999999 0.99996847 -2.19986820
0.20000000 0.81000000 0.99993455 -2.19972634
0.20000000 0.86000001 0.99988276 -2.19951010
0.20000000 0.91000003 0.99979484 -2.19914603
0.20000000 0.95999998 0.99967706 -2.19865751
0.20000000 1.00999999 0.99948794 -2.19787812
0.20000000 1.05999994 0.99922496 -2.19679451
0.20000000 1.11000001 0.99887639 -2.19537759
0.20000000 1.15999997 0.99843544 -2.19357491
0.20000000 1.21000004 0.99784940 -2.19120979
0.20000000 1.25999999 0.99711508 -2.18826962
0.20000000 1.30999994 0.99619532 -2.18461108
0.20000000 1.36000001 0.99507797 -2.18021369
0.20000000 1.40999997 0.99378234 -2.17516708
0.20000000 1.46000004 0.99214429 -2.16885185
0.20000000 1.50999999 0.99029648 -2.16177559
0.20000000 1.55999994 0.98809046 -2.15348029
0.20000000 1.61000001 0.98544317 -2.14367723
0.20000000 1.65999997 0.98245418 -2.13277531
0.20000000 1.71000004 0.97913069 -2.12076712
0.20000000 1.76000011 0.97523218 -2.10698414
0.20000000 1.80999994 0.97083175 -2.09168172
0.20000000 1.86000001 0.96573091 -2.07432079
0.20000000 1.90999997 0.96008217 -2.05547667
0.20000000 1.96000004 0.95363533 -2.03451514
0.20000000 2.00999999 0.94628555 -2.01118803
0.20000000 2.06000018 0.93843406 -1.98684585
0.20000000 2.10999990 0.92923915 -1.95913029
0.20000000 2.16000009 0.91892958 -1.92910016
0.20000000 2.21000004 0.90779591 -1.89743483
0.20000000 2.25999999 0.89502954 -1.86256063
0.20000000 2.30999994 0.88102114 -1.82561207
0.20000000 2.36000013 0.86551529 -1.78580153
0.20000000 2.41000009 0.84877676 -1.74478686
0.20000000 2.46000004 0.82950062 -1.69899499
0.20000000 2.50999999 0.80888104 -1.65210783
0.20000000 2.55999994 0.78622961 -1.60260522
0.20000000 2.60999990 0.76281214 -1.55348086
0.20000000 2.66000009 0.73733371 -1.50204480
0.20000000 2.71000004 0.71000606 -1.44861042
0.20000000 2.75999999 0.68216908 -1.39680696
0.20000000 2.80999994 0.65346700 -1.34464991
0.20000000 2.86000037 0.62310690 -1.29159880
0.20000000 2.91000009 0.59417880 -1.24279976
0.20000000 2.96000004 0.56503618 -1.19439912
0.20000000 3.00999999 0.53684264 -1.14923489
0.20000000 3.05999994 0.50831848 -1.10466552
0.20000000 3.10999990 0.48231804 -1.06367719
0.20000000 3.16000009 0.45674869 -1.02460659
0.20000000 3.21000004 0.43221560 -0.98775041
0.20000000 3.25999999 0.40982091 -0.95440298
0.20000000 3.30999994 0.38853437 -0.92286551
0.20000000 3.35999990 0.36839461 -0.89285702
0.20000000 3.41000009 0.34964129 -0.86492819
0.20000000 3.46000028 0.33230108 -0.83950871
0.20000000 3.51000023 0.31735608 -0.81606114
0.20000000 3.55999994 0.30140719 -0.79299694
0.20000000 3.60999990 0.28781199 -0.77214885
0.20000000 3.66000009 0.27479413 -0.75250226
0.20000000 3.71000004 0.26274356 -0.73384500
0.20000000 3.75999999 0.25163347 -0.71640843
0.20000000 3.80999994 0.24117963 -0.69966233
0.20000000 3.85999990 0.23098391 -0.68416524
0.20000000 3.91000009 0.22218579 -0.66932130
0.20000000 3.96000004 0.21306625 -0.65543348
0.20000000 4.01000023 0.20557971 -0.64215815
0.20000000 4.05999994 0.19788410 -0.62918776
0.20000000 4.11000013 0.19087915 -0.61707157
0.20000000 4.16000032 0.18427533 -0.60615033
0.20000000 4.21000004 0.17814884 -0.59484810
0.20000000 4.26000023 0.17190255 -0.58383709
0.20000000 4.30999994 0.16633938 -0.57396996
0.20000000 4.36000013 0.16120310 -0.56392807
0.20000000 4.40999985 0.15631348 -0.55501550
0.20000000 4.46000004 0.15120426 -0.54563093
0.20000000 4.51000023 0.14694491 -0.53742296
0.20000000 4.55999994 0.14295942 -0.52921855
0.20000000 4.61000013 0.13880707 -0.52121061
0.20000000 4.65999985 0.13490991 -0.51343930
0.20000000 4.71000051 0.13118768 -0.50604379
0.20000000 4.76000023 0.12801629 -0.49836126
0.20000000 4.80999994 0.12498297 -0.49157760
0.20000000 4.86000013 0.12165342 -0.48489946
0.20000000 4.90999985 0.11867777 -0.47854245
0.20000000 4.96000004 0.11573279 -0.47231588
0.20000000 5.01000023 0.11283448 -0.46610704
0.20000000 5.05999994 0.11011670 -0.46013632
0.20000000 5.11000013 0.10777902 -0.45399714
0.20000000 5.15999985 0.10551849 -0.44841248
0.20000000 5.21000004 0.10322464 -0.44315684
0.20000000 5.26000023 0.10061011 -0.43753931
0.20000000 5.30999994 0.09864926 -0.43260437
0.20000000 5.36000013 0.09630484 -0.42714182
0.20000000 5.40999985 0.09437516 -0.42224967
0.20000000 5.46000004 0.09287250 -0.41803885
0.20000000 5.51000023 0.09102213 -0.41284171
0.20000000 5.55999994 0.08936547 -0.40842357
0.20000000 5.61000013 0.08723249 -0.40400553
0.20000000 5.66000080 0.08563311 -0.39954710
0.20000000 5.71000051 0.08408826 -0.39566505
0.20000000 5.76000071 0.08271579 -0.39109597
0.20000000 5.80999994 0.08137771 -0.38741374
0.20000000 5.86000013 0.07980731 -0.38283518
0.20000000 5.90999985 0.07811219 -0.37924048
0.20000000 5.96000004 0.07702859 -0.37557614
0.20000000 6.01000023 0.07551266 -0.37219593
0.20000000 6.05999994 0.07455890 -0.36811364
0.20000000 6.11000013 0.07311975 -0.36468479
0.20000000 6.15999985 0.07171753 -0.36113349
0.20000000 6.21000004 0.07079959 -0.35770527
0.20000000 6.26000023 0.06985559 -0.35451365
0.20000000 6.30999994 0.06847119 -0.35120010
0.20000000 6.36000013 0.06761590 -0.34826171
0.20000000 6.40999985 0.06660102 -0.34485152
0.20000000 6.46000004 0.06538458 -0.34133419
0.20000000 6.51000023 0.06465833 -0.33904597
0.20000000 6.55999994 0.06384729 -0.33588836
0.20000000 6.61000013 0.06289575 -0.33275646
0.20000000 6.65999985 0.06176340 -0.32978824
0.20000000 6.71000004 0.06083572 -0.32697171
0.20000000 6.76000023 0.06004904 -0.32387871
0.20000000 6.80999994 0.05931030 -0.32180366
0.20000000 6.86000013 0.05873203 -0.31867421
0.20000000 6.91000080 0.05774695 -0.31632715
0.20000000 6.96000051 0.05696881 -0.31389400
0.20000000 7.01000071 0.05625485 -0.31115642
0.20000000 7.05999994 0.05563107 -0.30872881
0.20000000 7.11000013 0.05493686 -0.30633333
0.20000000 7.15999985 0.05398535 -0.30395880
0.20000000 7.21000004 0.05338959 -0.30161500
0.20000000 7.26000023 0.05276111 -0.29887828
0.20000000 7.30999994 0.05203314 -0.29675442
0.20000000 7.36000013 0.05159778 -0.29480717
0.20000000 7.40999985 0.05110486 -0.29228055
0.20000000 7.46000004 0.05034064 -0.28983614
0.20000000 7.51000023 0.04958346 -0.28792828
0.20000000 7.55999994 0.04897287 -0.28599855
0.20000000 7.61000013 0.04874676 -0.28400227
0.20000000 7.65999985 0.04801691 -0.28189257
0.20000000 7.71000004 0.04748026 -0.27959535
0.20000000 7.76000023 0.04707871 -0.27792063
0.20000000 7.80999994 0.04642322 -0.27583128
0.20000000 7.86000013 0.04600446 -0.27384830
0.20000000 7.90999985 0.04551846 -0.27198106
0.20000000 7.96000004 0.04487277 -0.27007729
0.20000000 8.01000023 0.04450198 -0.26794544
0.20000000 8.06000042 0.04408856 -0.26653829
0.20000000 8.10999966 0.04363464 -0.26462030
0.20000000 8.16000080 0.04326144 -0.26320025
0.20000000 8.21000099 0.04277978 -0.26125681
0.20000000 8.26000023 0.04233301 -0.25958732
0.20000000 8.31000042 0.04190457 -0.25803870
0.20000000 8.35999966 0.04164856 -0.25613713
0.20000000 8.40999985 0.04111911 -0.25443482
0.20000000 8.46000004 0.04080975 -0.25295308
0.20000000 8.51000023 0.04032620 -0.25123981
0.20000000 8.56000042 0.03988766 -0.24955913
0.20000000 8.60999966 0.03949930 -0.24809089
0.20000000 8.65999985 0.03911941 -0.24639121
0.20000000 8.71000004 0.03875662 -0.24467516
0.20000000 8.76000023 0.03847974 -0.24337143
0.20000000 8.81000042 0.03812815 -0.24205300
0.20000000 8.85999966 0.03777594 -0.24075618
0.20000000 8.90999985 0.03733746 -0.23920706
0.20000000 8.96000004 0.03709860 -0.23756340
0.20000000 9.01000023 0.03690857 -0.23635937
0.20000000 9.06000042 0.03642343 -0.23459737
0.20000000 9.10999966 0.03608795 -0.23345618
0.20000000 9.15999985 0.03587503 -0.23183346
0.20000000 9.21000004 0.03560498 -0.23051497
0.20000000 9.26000023 0.03532239 -0.22911440
0.20000000 9.31000042 0.03495758 -0.22797851
0.20000000 9.35999966 0.03480896 -0.22695020
0.20000000 9.41000080 0.03450800 -0.22530468
0.20000000 9.46000099 0.03398166 -0.22449958
0.20000000 9.51000023 0.03396136 -0.22291575
0.20000000 9.56000042 0.03364691 -0.22151215
0.20000000 9.60999966 0.03318131 -0.22032443
0.20000000 9.65999985 0.03294238 -0.21937034
0.20000000 9.71000004 0.03270288 -0.21769427
0.20000000 9.76000023 0.03260431 -0.21681328
0.20000000 9.81000042 0.03234592 -0.21562573
0.20000000 9.85999966 0.03197156 -0.21428670
0.20000000 9.90999985 0.03174619 -0.21313934
0.20000000 9.96000004 0.03143649 -0.21180360
0.20000000 10.01000023 0.03134274 -0.21123187
0.20000000 10.06000042 0.03114182 -0.20998880
0.20000000 10.10999966 0.03083420 -0.20850143
0.20000000 10.15999985 0.03061688 -0.20723294
0.20000000 10.21000004 0.03040710 -0.20654126
0.20000000 10.26000023 0.03026517 -0.20574975
0.20000000 10.31000042 0.02996567 -0.20492014
0.20000000 10.35999966 0.02963858 -0.20373569
0.20000000 10.40999985 0.02972141 -0.20256744
0.20000000 10.46000004 0.02946719 -0.20122926
0.20000000 10.51000023 0.02907660 -0.20079505
0.20000000 10.56000042 0.02885422 -0.19914310
0.20000000 10.60999966 0.02865619 -0.19833677
0.20000000 10.65999985 0.02854764 -0.19753857
0.20000000 10.71000004 0.02820071 -0.19638550
0.20000000 10.76000023 0.02805240 -0.19592480
0.20000000 10.81000042 0.02787866 -0.19416636
0.20000000 10.85999966 0.02773511 -0.19379611
0.20000000 10.90999985 0.02748764 -0.19246237
0.20000000 10.96000004 0.02733832 -0.19180684
0.20000000 11.01000023 0.02723715 -0.19066234
0.20000000 11.06000042 0.02697888 -0.18983597
0.20000000 11.10999966 0.02676630 -0.18894243
0.20000000 11.15999985 0.02666040 -0.18783379
0.20000000 11.21000004 0.02639847 -0.18695657
0.20000000 11.26000023 0.02636682 -0.18618199
0.20000000 11.31000137 0.02607892 -0.18538943
0.20000000 11.35999966 0.02604217 -0.18459204
0.20000000 11.41000080 0.02581009 -0.18354806
0.20000000 11.46000004 0.02551016 -0.18328373
0.20000000 11.51000118 0.02541376 -0.18224169
0.20000000 11.56000042 0.02540262 -0.18151423
0.20000000 11.60999966 0.02523309 -0.18058714
0.20000000 11.65999985 0.02494836 -0.17938970
0.20000000 11.71000004 0.02498792 -0.17886825
0.20000000 11.76000023 0.02486923 -0.17793198
0.20000000 11.81000042 0.02456802 -0.17731003
0.20000000 11.85999966 0.02444147 -0.17641363
0.20000000 11.90999985 0.02433780 -0.17561194
0.20000000 11.96000004 0.02404816 -0.17514294
0.20000000 12.01000023 0.02407538 -0.17418629
0.20000000 12.06000042 0.02394128 -0.17312627
0.20000000 12.10999966 0.02367929 -0.17261629
0.20000000 12.15999985 0.02349927 -0.17204806
0.20000000 12.21000004 0.02346252 -0.17163654
0.20000000 12.26000023 0.02336273 -0.17050116
0.20000000 12.31000042 0.02318735 -0.16992977
0.20000000 12.35999966 0.02301465 -0.16941036
0.20000000 12.40999985 0.02295831 -0.16827855
0.20000000 12.46000004 0.02263556 -0.16771699
0.20000000 12.51000023 0.02265674 -0.16693424
0.20000000 12.56000137 0.02254800 -0.16604775
0.20000000 12.60999966 0.02255252 -0.16570002
0.20000000 12.66000080 0.02233682 -0.16477554
0.20000000 12.71000004 0.02216873 -0.16454221
0.20000000 12.76000118 0.02203345 -0.16377729
0.20000000 12.81000042 0.02200223 -0.16277477
0.20000000 12.85999966 0.02179285 -0.16226934
0.20000000 12.90999985 0.02179031 -0.16146378
0.20000000 12.96000004 0.02159131 -0.16102859
0.20000000 13.01000023 0.02143185 -0.16057128
0.20000000 13.06000042 0.02145624 -0.15986058
0.20000000 13.10999966 0.02128742 -0.15940286
0.20000000 13.15999985 0.02118439 -0.15804212
0.20000000 13.21000004 0.02115884 -0.15800521
0.20000000 13.26000023 0.02103140 -0.15744396
0.20000000 13.31000042 0.02081509 -0.15642303
0.20000000 13.35999966 0.02066278 -0.15601251
0.20000000 13.40999985 0.02058347 -0.15534520
0.20000000 13.46000004 0.02060495 -0.15484139
0.20000000 13.51000023 0.02037085 -0.15421821
0.20000000 13.56000042 0.02040399 -0.15410540
0.20000000 13.60999966 0.02024670 -0.15322067
0.20000000 13.65999985 0.02007205 -0.15257026
0.20000000 13.71000004 0.01998993 -0.15164179
0.20000000 13.76000023 0.01988849 -0.15106468
0.20000000 13.81000137 0.01989880 -0.15056570
0.20000000 13.85999966 0.01983191 -0.15059297
0.20000000 13.91000080 0.01955594 -0.15009783
0.20000000 13.96000004 0.01960547 -0.14880531
0.20000000 14.01000118 0.01945645 -0.14865288
0.20000000 14.06000042 0.01922339 -0.14785115
0.20000000 14.10999966 0.01927750 -0.14744644
0.20000000 14.15999985 0.01921725 -0.14643714
0.20000000 14.21000004 0.01900821 -0.14612500
0.20000000 14.26000023 0.01900180 -0.14585450
0.20000000 14.31000042 0.01888327 -0.14538737
0.20000000 14.35999966 0.01883218 -0.14463869
0.20000000 14.40999985 0.01875937 -0.14421837
0.20000000 14.46000004 0.01861362 -0.14370240
0.20000000 14.51000023 0.01849841 -0.14303201
0.20000000 14.56000042 0.01851923 -0.14276884
0.20000000 14.60999966 0.01840802 -0.14226809
0.20000000 14.65999985 0.01823923 -0.14191170
0.20000000 14.71000004 0.01824673 -0.14122613
0.20000000 14.76000023 0.01806387 -0.14057627
0.20000000 14.81000042 0.01794873 -0.14021859
0.20000000 14.85999966 0.01798721 -0.14032236
0.20000000 14.90999985 0.01783575 -0.13917322
0.20000000 14.96000004 0.01785797 -0.13861139
0.20000000 15.01000023 0.01773050 -0.13829671
0.20000000 15.06000137 0.01779993 -0.13803422
0.20000000 15.10999966 0.01757437 -0.13692723
0.20000000 15.16000080 0.01747137 -0.13650252
0.20000000 15.21000004 0.01745627 -0.13649650
0.20000000 15.26000118 0.01740878 -0.13612586
0.20000000 15.31000042 0.01731396 -0.13609530
0.20000000 15.36000156 0.01718292 -0.13524182
0.20000000 15.40999985 0.01719461 -0.13438265
0.20000000 15.46000004 0.01704352 -0.13438612
0.20000000 15.51000023 0.01706421 -0.13393493
0.20000000 15.56000042 0.01699744 -0.13370606
0.20000000 15.60999966 0.01680322 -0.13292718
0.20000000 15.65999985 0.01680786 -0.13262774
0.20000000 15.71000004 0.01672226 -0.13200247
0.20000000 15.76000023 0.01671518 -0.13170785
0.20000000 15.81000042 0.01660675 -0.13141876
0.20000000 15.85999966 0.01647913 -0.13100201
0.20000000 15.90999985 0.01645297 -0.13077405
0.20000000 15.96000004 0.01635382 -0.13004786
0.20000000 16.01000023 0.01625760 -0.12894604
0.20000000 16.05999947 0.01631152 -0.12870677
0.20000000 16.11000061 0.01615140 -0.12847021
0.20000000 16.15999985 0.01624045 -0.12857738
0.20000000 16.20999908 0.01597888 -0.12753238
0.20000000 16.26000023 0.01600534 -0.12745143
0.20000000 16.31000137 0.01595636 -0.12699853
0.20000000 16.36000061 0.01591974 -0.12679546
0.20000000 16.41000175 0.01582742 -0.12605031
0.20000000 16.45999908 0.01575446 -0.12600745
0.20000000 16.51000214 0.01556457 -0.12564483
0.20000000 16.55999947 0.01560230 -0.12507480
0.20000000 16.61000061 0.01561655 -0.12473659
0.20000000 16.65999985 0.01543747 -0.12430686
0.20000000 16.70999908 0.01549222 -0.12381732
0.20000000 16.76000023 0.01534711 -0.12319735
0.20000000 16.80999947 0.01531973 -0.12296861
0.20000000 16.86000061 0.01531311 -0.12273053
0.20000000 16.90999985 0.01516641 -0.12212013
0.20000000 16.95999908 0.01518701 -0.12215550
0.20000000 17.01000023 0.01508200 -0.12177092
0.20000000 17.05999947 0.01501956 -0.12083143
0.20000000 17.11000061 0.01492593 -0.12099019
0.20000000 17.15999985 0.01491959 -0.12071598
0.20000000 17.20999908 0.01488593 -0.12059016
0.20000000 17.26000023 0.01475467 -0.12001178
0.20000000 17.30999947 0.01467496 -0.11947198
0.20000000 17.36000061 0.01473187 -0.11881033
0.20000000 17.40999985 0.01469705 -0.11881423
0.20000000 17.45999908 0.01462405 -0.11881837
0.20000000 17.51000023 0.01455573 -0.11810146
0.20000000 17.56000137 0.01447141 -0.11769659
0.20000000 17.61000061 0.01443808 -0.11750089
0.20000000 17.66000175 0.01443384 -0.11755285
0.20000000 17.70999908 0.01430597 -0.11660625
0.20000000 17.76000214 0.01427203 -0.11629069
0.20000000 17.80999947 0.01424332 -0.11616562
0.20000000 17.86000061 0.01413248 -0.11530934
0.20000000 17.90999985 0.01416815 -0.11549781
0.20000000 17.95999908 0.01413602 -0.11475415
0.20000000 18.01000023 0.01405176 -0.11486840
0.20000000 18.05999947 0.01396689 -0.11453306
0.20000000 18.11000061 0.01393024 -0.11395927
0.20000000 18.15999985 0.01385550 -0.11387242
0.20000000 18.20999908 0.01393823 -0.11313189
0.20000000 18.26000023 0.01372537 -0.11270540
0.20000000 18.30999947 0.01378180 -0.11287703
0.20000000 18.36000061 0.01370886 -0.11248963
0.20000000 18.40999985 0.01362311 -0.11248445
0.20000000 18.45999908 0.01368933 -0.11195027
0.20000000 18.51000023 0.01358963 -0.11159488
0.20000000 18.55999947 0.01348938 -0.11122254
0.20000000 18.61000061 0.01347134 -0.11104064
0.20000000 18.65999985 0.01341071 -0.11066090
0.20000000 18.70999908 0.01345932 -0.11075009
0.20000000 18.76000023 0.01328091 -0.11021502
0.20000000 18.81000137 0.01330673 -0.10951035
0.20000000 18.86000061 0.01325537 -0.10934871
0.20000000 18.91000175 0.01323795 -0.10933497
0.20000000 18.95999908 0.01317331 -0.10920113
0.20000000 19.01000214 0.01311688 -0.10814797
0.20000000 19.05999947 0.01310345 -0.10849166
0.20000000 19.11000061 0.01309750 -0.10843255
0.20000000 19.15999985 0.01294678 -0.10765668
0.20000000 19.20999908 0.01297528 -0.10724606
0.20000000 19.26000023 0.01292282 -0.10706387
0.20000000 19.30999947 0.01294888 -0.10688830
0.20000000 19.36000061 0.01280588 -0.10629824
0.20000000 19.40999985 0.01282855 -0.10663956
0.20000000 19.45999908 0.01277731 -0.10587620
0.20000000 19.51000023 0.01270651 -0.10592113
0.20000000 19.55999947 0.01269064 -0.10556877
0.20000000 19.61000061 0.01274127 -0.10512315
0.20000000 19.65999985 0.01260947 -0.10530784
0.20000000 19.70999908 0.01256717 -0.10475123
0.20000000 19.76000023 0.01255133 -0.10430440
0.20000000 19.80999947 0.01242252 -0.10396894
0.20000000 19.86000061 0.01250949 -0.10370191
0.20000000 19.90999985 0.01239655 -0.10381623
0.20000000 19.95999908 0.01234247 -0.10337224
0.20000000 20.01000023 0.01236276 -0.10306173
