-5.00000000 0.10000000 -1.00000000 -7.00000000
-5.00000000 0.20000000 -1.00000000 -7.00000000
-5.00000000 0.30000001 -1.00000000 -7.00000000
-5.00000000 0.39999998 -1.00000000 -7.00000000
-5.00000000 0.50000000 -1.00000000 -7.00000000
-5.00000000 0.60000002 -1.00000000 -7.00000000
-5.00000000 0.69999993 -1.00000000 -7.00000000
-5.00000000 0.79999995 -1.00000000 -7.00000000
-5.00000000 0.89999998 -1.00000000 -7.00000000
-5.00000000 0.99999988 -0.99999994 -6.99999952
-5.00000000 1.10000002 -0.99999982 -6.99999857
-5.00000000 1.20000005 -0.99999934 -6.99999380
-5.00000000 1.29999995 -0.99999803 -6.99998236
-5.00000000 1.39999998 -0.99999493 -6.99995422
-5.00000000 1.49999988 -0.99998713 -6.99988461
-5.00000000 1.60000002 -0.99997568 -6.99978161
-5.00000000 1.70000005 -0.99994928 -6.99954367
-5.00000000 1.79999995 -0.99990785 -6.99917078
-5.00000000 1.89999986 -0.99984521 -6.99860716
-5.00000000 2.00000000 -0.99975359 -6.99778318
-5.00000000 2.09999990 -0.99961823 -6.99656582
-5.00000000 2.20000005 -0.99944043 -6.99496794
-5.00000000 2.29999995 -0.99919498 -6.99276257
-5.00000000 2.39999986 -0.99888211 -6.98995256
-5.00000000 2.49999976 -0.99850291 -6.98654985
-5.00000000 2.59999990 -0.99799496 -6.98199224
-5.00000000 2.70000005 -0.99739844 -6.97664499
-5.00000000 2.79999995 -0.99671280 -6.97050381
-5.00000000 2.89999986 -0.99588674 -6.96311712
-5.00000000 2.99999976 -0.99492013 -6.95447111
-5.00000000 3.09999990 -0.99380666 -6.94454002
-5.00000000 3.20000005 -0.99252802 -6.93313122
-5.00000000 3.29999995 -0.99112952 -6.92068005
-5.00000000 3.40000010 -0.98952550 -6.90642452
-5.00000000 3.50000000 -0.98781866 -6.89127970
-5.00000000 3.59999990 -0.98585182 -6.87385321
-5.00000000 3.69999957 -0.98369557 -6.85480213
-5.00000000 3.79999995 -0.98149979 -6.83540392
-5.00000000 3.90000010 -0.97893220 -6.81279659
-5.00000000 4.00000000 -0.97625071 -6.78920126
-5.00000000 4.09999990 -0.97338033 -6.76404238
-4.79591846 0.10000000 -1.00000000 -6.79591846
-4.79591846 0.20000000 -1.00000000 -6.79591846
-4.79591846 0.30000001 -1.00000000 -6.79591846
-4.79591846 0.39999998 -1.00000000 -6.79591846
-4.79591846 0.50000000 -1.00000000 -6.79591846
-4.79591846 0.60000002 -1.00000000 -6.79591846
-4.79591846 0.69999993 -1.00000000 -6.79591846
-4.79591846 0.79999995 -1.00000000 -6.79591846
-4.79591846 0.89999998 -1.00000000 -6.79591846
-4.79591846 0.99999988 -0.99999994 -6.79591799
-4.79591846 1.10000002 -0.99999988 -6.79591751
-4.79591846 1.20000005 -0.99999928 -6.79591227
-4.79591846 1.29999995 -0.99999714 -6.79589319
-4.79591846 1.39999998 -0.99999344 -6.79586124
-4.79591846 1.49999988 -0.99998438 -6.79578114
-4.79591846 1.60000002 -0.99996501 -6.79561043
-4.79591846 1.70000005 -0.99993694 -6.79536390
-4.79591846 1.79999995 -0.99988627 -6.79491854
-4.79591846 1.89999986 -0.99980354 -6.79419088
-4.79591846 2.00000000 -0.99969512 -6.79323816
-4.79591846 2.09999990 -0.99953860 -6.79186296
-4.79591846 2.20000005 -0.99932945 -6.79002619
-4.79591846 2.29999995 -0.99904490 -6.78752804
-4.79591846 2.39999986 -0.99868125 -6.78433609
-4.79591846 2.49999976 -0.99823022 -6.78038263
-4.79591846 2.59999990 -0.99765211 -6.77531672
-4.79591846 2.70000005 -0.99697399 -6.76938438
-4.79591846 2.79999995 -0.99616772 -6.76233435
-4.79591846 2.89999986 -0.99523634 -6.75418949
-4.79591846 2.99999976 -0.99415606 -6.74477863
-4.79591846 3.09999990 -0.99288750 -6.73371696
-4.79591846 3.20000005 -0.99150175 -6.72165966
-4.79591846 3.29999995 -0.98991108 -6.70783901
-4.79591846 3.40000010 -0.98812807 -6.69238138
-4.79591846 3.50000000 -0.98618364 -6.67555523
-4.79591846 3.59999990 -0.98403060 -6.65695000
-4.79591846 3.69999957 -0.98171604 -6.63699675
-4.79591846 3.79999995 -0.97915030 -6.61492825
-4.79591846 3.90000010 -0.97644776 -6.59173059
-4.79591846 4.00000000 -0.97343230 -6.56593561
-4.79591846 4.09999990 -0.97028834 -6.53907251
-4.59183693 0.10000000 -1.00000000 -6.59183693
-4.59183693 0.20000000 -1.00000000 -6.59183693
-4.59183693 0.30000001 -1.00000000 -6.59183693
-4.59183693 0.39999998 -1.00000000 -6.59183693
-4.59183693 0.50000000 -1.00000000 -6.59183693
-4.59183693 0.60000002 -1.00000000 -6.59183693
-4.59183693 0.69999993 -1.00000000 -6.59183693
-4.59183693 0.79999995 -1.00000000 -6.59183693
-4.59183693 0.89999998 -0.99999994 -6.59183645
-4.59183693 0.99999988 -0.99999994 -6.59183645
-4.59183693 1.10000002 -0.99999976 -6.59183502
-4.59183693 1.20000005 -0.99999881 -6.59182644
-4.59183693 1.29999995 -0.99999595 -6.59180212
-4.59183693 1.39999998 -0.99999046 -6.59175491
-4.59183693 1.49999988 -0.99997956 -6.59166145
-4.59183693 1.60000002 -0.99995577 -6.59145689
-4.59183693 1.70000005 -0.99991864 -6.59113789
-4.59183693 1.79999995 -0.99985498 -6.59059143
-4.59183693 1.89999986 -0.99977010 -6.58986282
-4.59183693 2.00000000 -0.99962878 -6.58864927
-4.59183693 2.09999990 -0.99943846 -6.58701658
-4.59183693 2.20000005 -0.99918354 -6.58482838
-4.59183693 2.29999995 -0.99885446 -6.58201027
-4.59183693 2.39999986 -0.99842346 -6.57831907
-4.59183693 2.49999976 -0.99789459 -6.57379150
-4.59183693 2.59999990 -0.99722868 -6.56809759
-4.59183693 2.70000005 -0.99649477 -6.56182480
-4.59183693 2.79999995 -0.99554724 -6.55374861
-4.59183693 2.89999986 -0.99450439 -6.54485226
-4.59183693 2.99999976 -0.99325335 -6.53420401
-4.59183693 3.09999990 -0.99188685 -6.52258778
-4.59183693 3.20000005 -0.99028963 -6.50905466
-4.59183693 3.29999995 -0.98852658 -6.49413061
-4.59183693 3.40000010 -0.98652923 -6.47722387
-4.59183693 3.50000000 -0.98437369 -6.45905352
-4.59183693 3.59999990 -0.98197132 -6.43883848
-4.59183693 3.69999957 -0.97943252 -6.41751289
-4.59183693 3.79999995 -0.97665077 -6.39423561
-4.59183693 3.90000010 -0.97368282 -6.36943579
-4.59183693 4.00000000 -0.97034734 -6.34163475
-4.59183693 4.09999990 -0.96694326 -6.31332874
-4.38775492 0.10000000 -1.00000000 -6.38775492
-4.38775492 0.20000000 -1.00000000 -6.38775492
-4.38775492 0.30000001 -1.00000000 -6.38775492
-4.38775492 0.39999998 -1.00000000 -6.38775492
-4.38775492 0.50000000 -1.00000000 -6.38775492
-4.38775492 0.60000002 -1.00000000 -6.38775492
-4.38775492 0.69999993 -1.00000000 -6.38775492
-4.38775492 0.79999995 -1.00000000 -6.38775492
-4.38775492 0.89999998 -0.99999988 -6.38775396
-4.38775492 0.99999988 -0.99999988 -6.38775396
-4.38775492 1.10000002 -0.99999946 -6.38775063
-4.38775492 1.20000005 -0.99999869 -6.38774395
-4.38775492 1.29999995 -0.99999386 -6.38770342
-4.38775492 1.39999998 -0.99998724 -6.38764811
-4.38775492 1.49999988 -0.99997240 -6.38752365
-4.38775492 1.60000002 -0.99994296 -6.38727665
-4.38775492 1.70000005 -0.99989825 -6.38690186
-4.38775492 1.79999995 -0.99981695 -6.38621998
-4.38775492 1.89999986 -0.99970698 -6.38529825
-4.38775492 2.00000000 -0.99953771 -6.38388014
-4.38775492 2.09999990 -0.99931228 -6.38199282
-4.38775492 2.20000005 -0.99901605 -6.37951422
-4.38775492 2.29999995 -0.99862224 -6.37622023
-4.38775492 2.39999986 -0.99812436 -6.37205935
-4.38775492 2.49999976 -0.99751848 -6.36700344
-4.38775492 2.59999990 -0.99676824 -6.36074114
-4.38775492 2.70000005 -0.99590361 -6.35354185
-4.38775492 2.79999995 -0.99486083 -6.34486341
-4.38775492 2.89999986 -0.99362963 -6.33463192
-4.38775492 2.99999976 -0.99223799 -6.32310009
-4.38775492 3.09999990 -0.99066305 -6.31006145
-4.38775492 3.20000005 -0.98887783 -6.29530096
-4.38775492 3.29999995 -0.98693037 -6.27923584
-4.38775492 3.40000010 -0.98476928 -6.26143837
-4.38775492 3.50000000 -0.98232949 -6.24143314
-4.38775492 3.59999990 -0.97967404 -6.21968794
-4.38775492 3.69999957 -0.97681791 -6.19634342
-4.38775492 3.79999995 -0.97374660 -6.17133045
-4.38775492 3.90000010 -0.97045684 -6.14457798
-4.38775492 4.00000000 -0.96684462 -6.11532640
-4.38775492 4.09999990 -0.96316057 -6.08555794
-4.18367338 0.10000000 -1.00000000 -6.18367338
-4.18367338 0.20000000 -1.00000000 -6.18367338
-4.18367338 0.30000001 -1.00000000 -6.18367338
-4.18367338 0.39999998 -1.00000000 -6.18367338
-4.18367338 0.50000000 -1.00000000 -6.18367338
-4.18367338 0.60000002 -1.00000000 -6.18367338
-4.18367338 0.69999993 -1.00000000 -6.18367338
-4.18367338 0.79999995 -1.00000000 -6.18367338
-4.18367338 0.89999998 -0.99999994 -6.18367290
-4.18367338 0.99999988 -0.99999994 -6.18367290
-4.18367338 1.10000002 -0.99999940 -6.18366861
-4.18367338 1.20000005 -0.99999744 -6.18365240
-4.18367338 1.29999995 -0.99999332 -6.18361902
-4.18367338 1.39999998 -0.99998289 -6.18353367
-4.18367338 1.49999988 -0.99996537 -6.18339014
-4.18367338 1.60000002 -0.99992770 -6.18308163
-4.18367338 1.70000005 -0.99986660 -6.18258190
-4.18367338 1.79999995 -0.99977452 -6.18182898
-4.18367338 1.89999986 -0.99963963 -6.18072653
-4.18367338 2.00000000 -0.99943322 -6.17904043
-4.18367338 2.09999990 -0.99917495 -6.17693043
-4.18367338 2.20000005 -0.99881256 -6.17397356
-4.18367338 2.29999995 -0.99835736 -6.17026043
-4.18367338 2.39999986 -0.99777704 -6.16553211
-4.18367338 2.49999976 -0.99707562 -6.15982389
-4.18367338 2.59999990 -0.99621373 -6.15282297
-4.18367338 2.70000005 -0.99519509 -6.14454746
-4.18367338 2.79999995 -0.99400389 -6.13489866
-4.18367338 2.89999986 -0.99263757 -6.12383986
-4.18367338 2.99999976 -0.99106365 -6.11112690
-4.18367338 3.09999990 -0.98929667 -6.09689617
-4.18367338 3.20000005 -0.98731261 -6.08094501
-4.18367338 3.29999995 -0.98507464 -6.06299019
-4.18367338 3.40000010 -0.98265624 -6.04360867
-4.18367338 3.50000000 -0.97997010 -6.02216911
-4.18367338 3.59999990 -0.97710520 -5.99938297
-4.18367338 3.69999957 -0.97388166 -5.97377014
-4.18367338 3.79999995 -0.97044969 -5.94661331
-4.18367338 3.90000010 -0.96688020 -5.91843510
-4.18367338 4.00000000 -0.96296930 -5.88764906
-4.18367338 4.09999990 -0.95882618 -5.85515547
-3.97959185 0.10000000 -1.00000000 -5.97959185
-3.97959185 0.20000000 -1.00000000 -5.97959185
-3.97959185 0.30000001 -1.00000000 -5.97959185
-3.97959185 0.39999998 -1.00000000 -5.97959185
-3.97959185 0.50000000 -1.00000000 -5.97959185
-3.97959185 0.60000002 -1.00000000 -5.97959185
-3.97959185 0.69999993 -1.00000000 -5.97959185
-3.97959185 0.79999995 -1.00000000 -5.97959185
-3.97959185 0.89999998 -0.99999994 -5.97959137
-3.97959185 0.99999988 -0.99999988 -5.97959089
-3.97959185 1.10000002 -0.99999911 -5.97958469
-3.97959185 1.20000005 -0.99999714 -5.97956896
-3.97959185 1.29999995 -0.99999040 -5.97951555
-3.97959185 1.39999998 -0.99997747 -5.97941208
-3.97959185 1.49999988 -0.99995250 -5.97921276
-3.97959185 1.60000002 -0.99990654 -5.97884655
-3.97959185 1.70000005 -0.99983221 -5.97825336
-3.97959185 1.79999995 -0.99971455 -5.97731590
-3.97959185 1.89999986 -0.99954373 -5.97595453
-3.97959185 2.00000000 -0.99930817 -5.97407913
-3.97959185 2.09999990 -0.99899083 -5.97155285
-3.97959185 2.20000005 -0.99856251 -5.96814489
-3.97959185 2.29999995 -0.99802220 -5.96385527
-3.97959185 2.39999986 -0.99736822 -5.95866537
-3.97959185 2.49999976 -0.99652946 -5.95201588
-3.97959185 2.59999990 -0.99558139 -5.94451237
-3.97959185 2.70000005 -0.99437177 -5.93495560
-3.97959185 2.79999995 -0.99302125 -5.92430449
-3.97959185 2.89999986 -0.99148047 -5.91216230
-3.97959185 2.99999976 -0.98965043 -5.89780951
-3.97959185 3.09999990 -0.98771161 -5.88259840
-3.97959185 3.20000005 -0.98548734 -5.86521721
-3.97959185 3.29999995 -0.98299354 -5.84576225
-3.97959185 3.40000010 -0.98022979 -5.82427931
-3.97959185 3.50000000 -0.97725147 -5.80116701
-3.97959185 3.59999990 -0.97400230 -5.77606440
-3.97959185 3.69999957 -0.97054005 -5.74936581
-3.97959185 3.79999995 -0.96675324 -5.72027826
-3.97959185 3.90000010 -0.96270937 -5.68932772
-3.97959185 4.00000000 -0.95848089 -5.65710211
-3.97959185 4.09999990 -0.95402056 -5.62316847
-3.77551031 0.10000000 -1.00000000 -5.77551031
-3.77551031 0.20000000 -1.00000000 -5.77551031
-3.77551031 0.30000001 -1.00000000 -5.77551031
-3.77551031 0.39999998 -1.00000000 -5.77551031
-3.77551031 0.50000000 -1.00000000 -5.77551031
-3.77551031 0.60000002 -1.00000000 -5.77551031
-3.77551031 0.69999993 -1.00000000 -5.77551031
-3.77551031 0.79999995 -0.99999994 -5.77551031
-3.77551031 0.89999998 -0.99999994 -5.77550983
-3.77551031 0.99999988 -0.99999940 -5.77550602
-3.77551031 1.10000002 -0.99999857 -5.77549934
-3.77551031 1.20000005 -0.99999499 -5.77547121
-3.77551031 1.29999995 -0.99998772 -5.77541447
-3.77551031 1.39999998 -0.99996942 -5.77527237
-3.77551031 1.49999988 -0.99993646 -5.77501631
-3.77551031 1.60000002 -0.99988157 -5.77459002
-3.77551031 1.70000005 -0.99978936 -5.77387333
-3.77551031 1.79999995 -0.99964279 -5.77273560
-3.77551031 1.89999986 -0.99943608 -5.77113199
-3.77551031 2.00000000 -0.99915159 -5.76892328
-3.77551031 2.09999990 -0.99876779 -5.76594973
-3.77551031 2.20000005 -0.99825639 -5.76199007
-3.77551031 2.29999995 -0.99763817 -5.75720358
-3.77551031 2.39999986 -0.99685371 -5.75115347
-3.77551031 2.49999976 -0.99590313 -5.74382162
-3.77551031 2.59999990 -0.99476457 -5.73504496
-3.77551031 2.70000005 -0.99341977 -5.72470856
-3.77551031 2.79999995 -0.99188328 -5.71294355
-3.77551031 2.89999986 -0.99010867 -5.69936514
-3.77551031 2.99999976 -0.98809230 -5.68396378
-3.77551031 3.09999990 -0.98583418 -5.66677809
-3.77551031 3.20000005 -0.98332000 -5.64769936
-3.77551031 3.29999995 -0.98055404 -5.62674904
-3.77551031 3.40000010 -0.97749889 -5.60368299
-3.77551031 3.50000000 -0.97414261 -5.57843590
-3.77551031 3.59999990 -0.97057432 -5.55169058
-3.77551031 3.69999957 -0.96676171 -5.52318716
-3.77551031 3.79999995 -0.96252173 -5.49163198
-3.77551031 3.90000010 -0.95805937 -5.45853853
-3.77551031 4.00000000 -0.95342451 -5.42428160
-3.77551031 4.09999990 -0.94853383 -5.38833857
-3.57142854 0.10000000 -1.00000000 -5.57142830
-3.57142854 0.20000000 -1.00000000 -5.57142830
-3.57142854 0.30000001 -1.00000000 -5.57142830
-3.57142854 0.39999998 -1.00000000 -5.57142830
-3.57142854 0.50000000 -1.00000000 -5.57142830
-3.57142854 0.60000002 -1.00000000 -5.57142830
-3.57142854 0.69999993 -1.00000000 -5.57142830
-3.57142854 0.79999995 -1.00000000 -5.57142830
-3.57142854 0.89999998 -0.99999994 -5.57142782
-3.57142854 0.99999988 -0.99999952 -5.57142496
-3.57142854 1.10000002 -0.99999785 -5.57141209
-3.57142854 1.20000005 -0.99999380 -5.57138109
-3.57142854 1.29999995 -0.99998200 -5.57129240
-3.57142854 1.39999998 -0.99996018 -5.57112741
-3.57142854 1.49999988 -0.99991471 -5.57078314
-3.57142854 1.60000002 -0.99984300 -5.57024050
-3.57142854 1.70000005 -0.99973112 -5.56939411
-3.57142854 1.79999995 -0.99954760 -5.56800652
-3.57142854 1.89999986 -0.99929529 -5.56610107
-3.57142854 2.00000000 -0.99895471 -5.56352949
-3.57142854 2.09999990 -0.99849391 -5.56005669
-3.57142854 2.20000005 -0.99791473 -5.55569410
-3.57142854 2.29999995 -0.99715924 -5.55001354
-3.57142854 2.39999986 -0.99622881 -5.54302263
-3.57142854 2.49999976 -0.99514234 -5.53487778
-3.57142854 2.59999990 -0.99383920 -5.52513313
-3.57142854 2.70000005 -0.99232811 -5.51385069
-3.57142854 2.79999995 -0.99054199 -5.50054646
-3.57142854 2.89999986 -0.98851913 -5.48550129
-3.57142854 2.99999976 -0.98619711 -5.46830273
-3.57142854 3.09999990 -0.98365933 -5.44957590
-3.57142854 3.20000005 -0.98086262 -5.42897558
-3.57142854 3.29999995 -0.97776848 -5.40628672
-3.57142854 3.40000010 -0.97430652 -5.38093233
-3.57142854 3.50000000 -0.97066581 -5.35446215
-3.57142854 3.59999990 -0.96660042 -5.32491589
-3.57142854 3.69999957 -0.96232873 -5.29403114
-3.57142854 3.79999995 -0.95773929 -5.26105070
-3.57142854 3.90000010 -0.95282954 -5.22581053
-3.57142854 4.00000000 -0.94763303 -5.18873835
-3.57142854 4.09999990 -0.94210643 -5.14944124
-3.36734700 0.10000000 -1.00000000 -5.36734676
-3.36734700 0.20000000 -1.00000000 -5.36734676
-3.36734700 0.30000001 -1.00000000 -5.36734676
-3.36734700 0.39999998 -1.00000000 -5.36734676
-3.36734700 0.50000000 -1.00000000 -5.36734676
-3.36734700 0.60000002 -1.00000000 -5.36734676
-3.36734700 0.69999993 -1.00000000 -5.36734676
-3.36734700 0.79999995 -1.00000000 -5.36734676
-3.36734700 0.89999998 -0.99999988 -5.36734581
-3.36734700 0.99999988 -0.99999911 -5.36734009
-3.36734700 1.10000002 -0.99999684 -5.36732340
-3.36734700 1.20000005 -0.99999052 -5.36727715
-3.36734700 1.29999995 -0.99997646 -5.36717367
-3.36734700 1.39999998 -0.99994475 -5.36694002
-3.36734700 1.49999988 -0.99989074 -5.36654234
-3.36734700 1.60000002 -0.99980289 -5.36589527
-3.36734700 1.70000005 -0.99964815 -5.36475754
-3.36734700 1.79999995 -0.99943656 -5.36320066
-3.36734700 1.89999986 -0.99913484 -5.36098528
-3.36734700 2.00000000 -0.99871957 -5.35793781
-3.36734700 2.09999990 -0.99817574 -5.35395098
-3.36734700 2.20000005 -0.99747109 -5.34879208
-3.36734700 2.29999995 -0.99658924 -5.34235191
-3.36734700 2.39999986 -0.99552858 -5.33460760
-3.36734700 2.49999976 -0.99424839 -5.32528973
-3.36734700 2.59999990 -0.99275601 -5.31445217
-3.36734700 2.70000005 -0.99101454 -5.30183649
-3.36734700 2.79999995 -0.98894912 -5.28691149
-3.36734700 2.89999986 -0.98668498 -5.27061081
-3.36734700 2.99999976 -0.98405802 -5.25173378
-3.36734700 3.09999990 -0.98117602 -5.23111057
-3.36734700 3.20000005 -0.97801358 -5.20858765
-3.36734700 3.29999995 -0.97455370 -5.18398714
-3.36734700 3.40000010 -0.97062784 -5.15620708
-3.36734700 3.50000000 -0.96650219 -5.12712097
-3.36734700 3.59999990 -0.96202838 -5.09574270
-3.36734700 3.69999957 -0.95733452 -5.06299877
-3.36734700 3.79999995 -0.95221484 -5.02738571
-3.36734700 3.90000010 -0.94677043 -4.98972464
-3.36734700 4.00000000 -0.94107491 -4.95053530
-3.36734700 4.09999990 -0.93502128 -4.90911102
-3.16326523 0.10000000 -1.00000000 -5.16326523
-3.16326523 0.20000000 -1.00000000 -5.16326523
-3.16326523 0.30000001 -1.00000000 -5.16326523
-3.16326523 0.39999998 -1.00000000 -5.16326523
-3.16326523 0.50000000 -1.00000000 -5.16326523
-3.16326523 0.60000002 -1.00000000 -5.16326523
-3.16326523 0.69999993 -1.00000000 -5.16326523
-3.16326523 0.79999995 -0.99999994 -5.16326523
-3.16326523 0.89999998 -0.99999976 -5.16326332
-3.16326523 0.99999988 -0.99999899 -5.16325760
-3.16326523 1.10000002 -0.99999636 -5.16323900
-3.16326523 1.20000005 -0.99998677 -5.16317034
-3.16326523 1.29999995 -0.99996644 -5.16302490
-3.16326523 1.39999998 -0.99992806 -5.16275024
-3.16326523 1.49999988 -0.99985754 -5.16224527
-3.16326523 1.60000002 -0.99974322 -5.16142702
-3.16326523 1.70000005 -0.99955487 -5.16008043
-3.16326523 1.79999995 -0.99930155 -5.15826941
-3.16326523 1.89999986 -0.99892586 -5.15558720
-3.16326523 2.00000000 -0.99840915 -5.15190554
-3.16326523 2.09999990 -0.99776405 -5.14731932
-3.16326523 2.20000005 -0.99693966 -5.14145994
-3.16326523 2.29999995 -0.99589932 -5.13407755
-3.16326523 2.39999986 -0.99468285 -5.12546778
-3.16326523 2.49999976 -0.99316925 -5.11478376
-3.16326523 2.59999990 -0.99144405 -5.10262775
-3.16326523 2.70000005 -0.98938853 -5.08821392
-3.16326523 2.79999995 -0.98710245 -5.07222891
-3.16326523 2.89999986 -0.98447919 -5.05390358
-3.16326523 2.99999976 -0.98149186 -5.03317451
-3.16326523 3.09999990 -0.97829086 -5.01101160
-3.16326523 3.20000005 -0.97464025 -4.98584414
-3.16326523 3.29999995 -0.97067583 -4.95863867
-3.16326523 3.40000010 -0.96648002 -4.92996359
-3.16326523 3.50000000 -0.96174127 -4.89773035
-3.16326523 3.59999990 -0.95681405 -4.86442900
-3.16326523 3.69999957 -0.95148969 -4.82856560
-3.16326523 3.79999995 -0.94574344 -4.79007530
-3.16326523 3.90000010 -0.93983036 -4.75062370
-3.16326523 4.00000000 -0.93341565 -4.70817184
-3.16326523 4.09999990 -0.92678320 -4.66455746
-2.95918369 0.10000000 -1.00000000 -4.95918369
-2.95918369 0.20000000 -1.00000000 -4.95918369
-2.95918369 0.30000001 -1.00000000 -4.95918369
-2.95918369 0.39999998 -1.00000000 -4.95918369
-2.95918369 0.50000000 -1.00000000 -4.95918369
-2.95918369 0.60000002 -1.00000000 -4.95918369
-2.95918369 0.69999993 -1.00000000 -4.95918369
-2.95918369 0.79999995 -0.99999988 -4.95918322
-2.95918369 0.89999998 -0.99999964 -4.95918131
-2.95918369 0.99999988 -0.99999827 -4.95917177
-2.95918369 1.10000002 -0.99999374 -4.95914030
-2.95918369 1.20000005 -0.99998093 -4.95905113
-2.95918369 1.29999995 -0.99995518 -4.95887184
-2.95918369 1.39999998 -0.99990541 -4.95852566
-2.95918369 1.49999988 -0.99981064 -4.95786715
-2.95918369 1.60000002 -0.99966186 -4.95683289
-2.95918369 1.70000005 -0.99943757 -4.95527697
-2.95918369 1.79999995 -0.99910557 -4.95297337
-2.95918369 1.89999986 -0.99865437 -4.94984913
-2.95918369 2.00000000 -0.99804676 -4.94564247
-2.95918369 2.09999990 -0.99728489 -4.94038773
-2.95918369 2.20000005 -0.99628758 -4.93351507
-2.95918369 2.29999995 -0.99510527 -4.92538643
-2.95918369 2.39999986 -0.99364305 -4.91536474
-2.95918369 2.49999976 -0.99188983 -4.90337658
-2.95918369 2.59999990 -0.98985296 -4.88949680
-2.95918369 2.70000005 -0.98754394 -4.87380123
-2.95918369 2.79999995 -0.98491049 -4.85600615
-2.95918369 2.89999986 -0.98186374 -4.83545017
-2.95918369 2.99999976 -0.97857279 -4.81335783
-2.95918369 3.09999990 -0.97485721 -4.78853559
-2.95918369 3.20000005 -0.97073853 -4.76116657
-2.95918369 3.29999995 -0.96631771 -4.73193789
-2.95918369 3.40000010 -0.96139830 -4.69949770
-2.95918369 3.50000000 -0.95631629 -4.66626215
-2.95918369 3.59999990 -0.95067316 -4.62945652
-2.95918369 3.69999957 -0.94474578 -4.59115553
-2.95918369 3.79999995 -0.93845141 -4.55060768
-2.95918369 3.90000010 -0.93175590 -4.50771618
-2.95918369 4.00000000 -0.92477101 -4.46319008
-2.95918369 4.09999990 -0.91744900 -4.41692352
-2.75510216 0.10000000 -1.00000000 -4.75510216
-2.75510216 0.20000000 -1.00000000 -4.75510216
-2.75510216 0.30000001 -1.00000000 -4.75510216
-2.75510216 0.39999998 -1.00000000 -4.75510216
-2.75510216 0.50000000 -1.00000000 -4.75510216
-2.75510216 0.60000002 -1.00000000 -4.75510216
-2.75510216 0.69999993 -1.00000000 -4.75510216
-2.75510216 0.79999995 -0.99999982 -4.75510120
-2.75510216 0.89999998 -0.99999940 -4.75509787
-2.75510216 0.99999988 -0.99999744 -4.75508499
-2.75510216 1.10000002 -0.99999058 -4.75503874
-2.75510216 1.20000005 -0.99997413 -4.75492764
-2.75510216 1.29999995 -0.99994010 -4.75469732
-2.75510216 1.39999998 -0.99986923 -4.75421906
-2.75510216 1.49999988 -0.99975294 -4.75343418
-2.75510216 1.60000002 -0.99956107 -4.75214100
-2.75510216 1.70000005 -0.99927849 -4.75023842
-2.75510216 1.79999995 -0.99888682 -4.74760723
-2.75510216 1.89999986 -0.99833685 -4.74391413
-2.75510216 2.00000000 -0.99760574 -4.73900795
-2.75510216 2.09999990 -0.99666351 -4.73271179
-2.75510216 2.20000005 -0.99551034 -4.72502470
-2.75510216 2.29999995 -0.99407047 -4.71543360
-2.75510216 2.39999986 -0.99238688 -4.70427656
-2.75510216 2.49999976 -0.99037385 -4.69096279
-2.75510216 2.59999990 -0.98802525 -4.67549801
-2.75510216 2.70000005 -0.98530519 -4.65766382
-2.75510216 2.79999995 -0.98225760 -4.63774204
-2.75510216 2.89999986 -0.97879308 -4.61521864
-2.75510216 2.99999976 -0.97504461 -4.59098101
-2.75510216 3.09999990 -0.97081894 -4.56374311
-2.75510216 3.20000005 -0.96623248 -4.53440571
-2.75510216 3.29999995 -0.96113205 -4.50191927
-2.75510216 3.40000010 -0.95571351 -4.46757746
-2.75510216 3.50000000 -0.94978988 -4.43031263
-2.75510216 3.59999990 -0.94362473 -4.39178801
-2.75510216 3.69999957 -0.93688446 -4.34989977
-2.75510216 3.79999995 -0.92980266 -4.30626917
-2.75510216 3.90000010 -0.92235518 -4.26056004
-2.75510216 4.00000000 -0.91465241 -4.21367598
-2.75510216 4.09999990 -0.90643096 -4.16388464
-2.55102038 0.10000000 -1.00000000 -4.55102062
-2.55102038 0.20000000 -1.00000000 -4.55102062
-2.55102038 0.30000001 -1.00000000 -4.55102062
-2.55102038 0.39999998 -1.00000000 -4.55102062
-2.55102038 0.50000000 -1.00000000 -4.55102062
-2.55102038 0.60000002 -1.00000000 -4.55102062
-2.55102038 0.69999993 -0.99999994 -4.55102062
-2.55102038 0.79999995 -0.99999988 -4.55102015
-2.55102038 0.89999998 -0.99999863 -4.55101156
-2.55102038 0.99999988 -0.99999636 -4.55099678
-2.55102038 1.10000002 -0.99998438 -4.55091810
-2.55102038 1.20000005 -0.99996352 -4.55078173
-2.55102038 1.29999995 -0.99991947 -4.55049324
-2.55102038 1.39999998 -0.99983025 -4.54990959
-2.55102038 1.49999988 -0.99968010 -4.54892826
-2.55102038 1.60000002 -0.99944204 -4.54737282
-2.55102038 1.70000005 -0.99907357 -4.54497004
-2.55102038 1.79999995 -0.99858534 -4.54178905
-2.55102038 1.89999986 -0.99790972 -4.53740025
-2.55102038 2.00000000 -0.99704623 -4.53179502
-2.55102038 2.09999990 -0.99594116 -4.52463961
-2.55102038 2.20000005 -0.99454266 -4.51563597
-2.55102038 2.29999995 -0.99285948 -4.50480461
-2.55102038 2.39999986 -0.99083781 -4.49187088
-2.55102038 2.49999976 -0.98849046 -4.47687769
-2.55102038 2.59999990 -0.98576599 -4.45957136
-2.55102038 2.70000005 -0.98266447 -4.43995905
-2.55102038 2.79999995 -0.97916365 -4.41795492
-2.55102038 2.89999986 -0.97520798 -4.39318562
-2.55102038 2.99999976 -0.97080421 -4.36576700
-2.55102038 3.09999990 -0.96599400 -4.33599615
-2.55102038 3.20000005 -0.96080935 -4.30417633
-2.55102038 3.29999995 -0.95508021 -4.26916838
-2.55102038 3.40000010 -0.94881731 -4.23115969
-2.55102038 3.50000000 -0.94221413 -4.19135523
-2.55102038 3.59999990 -0.93527508 -4.14982939
-2.55102038 3.69999957 -0.92773658 -4.10501814
-2.55102038 3.79999995 -0.91980147 -4.05823708
-2.55102038 3.90000010 -0.91155165 -4.00991297
-2.55102038 4.00000000 -0.90278023 -3.95904756
-2.55102038 4.09999990 -0.89371288 -3.90678644
-2.34693885 0.10000000 -1.00000000 -4.34693909
-2.34693885 0.20000000 -1.00000000 -4.34693909
-2.34693885 0.30000001 -1.00000000 -4.34693909
-2.34693885 0.39999998 -1.00000000 -4.34693909
-2.34693885 0.50000000 -1.00000000 -4.34693909
-2.34693885 0.60000002 -1.00000000 -4.34693909
-2.34693885 0.69999993 -0.99999994 -4.34693909
-2.34693885 0.79999995 -0.99999982 -4.34693813
-2.34693885 0.89999998 -0.99999845 -4.34692955
-2.34693885 0.99999988 -0.99999386 -4.34689999
-2.34693885 1.10000002 -0.99998027 -4.34681368
-2.34693885 1.20000005 -0.99994677 -4.34660101
-2.34693885 1.29999995 -0.99988741 -4.34622526
-2.34693885 1.39999998 -0.99977100 -4.34548759
-2.34693885 1.49999988 -0.99957108 -4.34422207
-2.34693885 1.60000002 -0.99927419 -4.34234428
-2.34693885 1.70000005 -0.99882859 -4.33953285
-2.34693885 1.79999995 -0.99821007 -4.33563709
-2.34693885 1.89999986 -0.99740356 -4.33056831
-2.34693885 2.00000000 -0.99633497 -4.32387590
-2.34693885 2.09999990 -0.99501461 -4.31561995
-2.34693885 2.20000005 -0.99332964 -4.30512285
-2.34693885 2.29999995 -0.99134445 -4.29281759
-2.34693885 2.39999986 -0.98896790 -4.27816772
-2.34693885 2.49999976 -0.98623526 -4.26137161
-2.34693885 2.59999990 -0.98305964 -4.24194145
-2.34693885 2.70000005 -0.97944027 -4.21997118
-2.34693885 2.79999995 -0.97541237 -4.19561100
-2.34693885 2.89999986 -0.97083503 -4.16811228
-2.34693885 2.99999976 -0.96588349 -4.13855839
-2.34693885 3.09999990 -0.96033013 -4.10565138
-2.34693885 3.20000005 -0.95419967 -4.06954527
-2.34693885 3.29999995 -0.94776750 -4.03196478
-2.34693885 3.40000010 -0.94071448 -3.99112701
-2.34693885 3.50000000 -0.93327510 -3.94827437
-2.34693885 3.59999990 -0.92537099 -3.90313530
-2.34693885 3.69999957 -0.91685766 -3.85500789
-2.34693885 3.79999995 -0.90797323 -3.80521345
-2.34693885 3.90000010 -0.89866483 -3.75336647
-2.34693885 4.00000000 -0.88886875 -3.69928455
-2.34693885 4.09999990 -0.87880003 -3.64437556
-2.14285707 0.10000000 -1.00000000 -4.14285707
-2.14285707 0.20000000 -1.00000000 -4.14285707
-2.14285707 0.30000001 -1.00000000 -4.14285707
-2.14285707 0.39999998 -1.00000000 -4.14285707
-2.14285707 0.50000000 -1.00000000 -4.14285707
-2.14285707 0.60000002 -1.00000000 -4.14285707
-2.14285707 0.69999993 -0.99999988 -4.14285660
-2.14285707 0.79999995 -0.99999934 -4.14285326
-2.14285707 0.89999998 -0.99999768 -4.14284277
-2.14285707 0.99999988 -0.99999148 -4.14280462
-2.14285707 1.10000002 -0.99997091 -4.14267826
-2.14285707 1.20000005 -0.99992663 -4.14240694
-2.14285707 1.29999995 -0.99983799 -4.14186287
-2.14285707 1.39999998 -0.99968535 -4.14092779
-2.14285707 1.49999988 -0.99944019 -4.13942623
-2.14285707 1.60000002 -0.99905676 -4.13708448
-2.14285707 1.70000005 -0.99850154 -4.13369894
-2.14285707 1.79999995 -0.99775326 -4.12914515
-2.14285707 1.89999986 -0.99674964 -4.12306356
-2.14285707 2.00000000 -0.99545550 -4.11523533
-2.14285707 2.09999990 -0.99384570 -4.10555363
-2.14285707 2.20000005 -0.99186766 -4.09368706
-2.14285707 2.29999995 -0.98952264 -4.07968473
-2.14285707 2.39999986 -0.98671752 -4.06304026
-2.14285707 2.49999976 -0.98346335 -4.04385185
-2.14285707 2.59999990 -0.97978801 -4.02228928
-2.14285707 2.70000005 -0.97557420 -3.99769473
-2.14285707 2.79999995 -0.97095424 -3.97097993
-2.14285707 2.89999986 -0.96561521 -3.94023371
-2.14285707 2.99999976 -0.95979422 -3.90706086
-2.14285707 3.09999990 -0.95342982 -3.87100720
-2.14285707 3.20000005 -0.94651580 -3.83225965
-2.14285707 3.29999995 -0.93897450 -3.79030776
-2.14285707 3.40000010 -0.93108553 -3.74671316
-2.14285707 3.50000000 -0.92252845 -3.69992948
-2.14285707 3.59999990 -0.91351205 -3.65109324
-2.14285707 3.69999957 -0.90387076 -3.59931064
-2.14285707 3.79999995 -0.89392406 -3.54650617
-2.14285707 3.90000010 -0.88341701 -3.49118805
-2.14285707 4.00000000 -0.87245113 -3.43403006
-2.14285707 4.09999990 -0.86131877 -3.37655425
-1.93877554 0.10000000 -1.00000000 -3.93877554
-1.93877554 0.20000000 -1.00000000 -3.93877554
-1.93877554 0.30000001 -1.00000000 -3.93877554
-1.93877554 0.39999998 -1.00000000 -3.93877554
-1.93877554 0.50000000 -1.00000000 -3.93877554
-1.93877554 0.60000002 -1.00000000 -3.93877554
-1.93877554 0.69999993 -0.99999988 -3.93877506
-1.93877554 0.79999995 -0.99999923 -3.93877101
-1.93877554 0.89999998 -0.99999690 -3.93875718
-1.93877554 0.99999988 -0.99998629 -3.93869424
-1.93877554 1.10000002 -0.99995828 -3.93852782
-1.93877554 1.20000005 -0.99989861 -3.93817377
-1.93877554 1.29999995 -0.99978060 -3.93747473
-1.93877554 1.39999998 -0.99958390 -3.93630981
-1.93877554 1.49999988 -0.99925512 -3.93436861
-1.93877554 1.60000002 -0.99877340 -3.93152475
-1.93877554 1.70000005 -0.99808854 -3.92749763
-1.93877554 1.79999995 -0.99715525 -3.92202520
-1.93877554 1.89999986 -0.99594301 -3.91494489
-1.93877554 2.00000000 -0.99434966 -3.90568471
-1.93877554 2.09999990 -0.99242389 -3.89451528
-1.93877554 2.20000005 -0.99009258 -3.88109350
-1.93877554 2.29999995 -0.98722881 -3.86468530
-1.93877554 2.39999986 -0.98397470 -3.84616613
-1.93877554 2.49999976 -0.98008901 -3.82420111
-1.93877554 2.59999990 -0.97575366 -3.79986382
-1.93877554 2.70000005 -0.97086251 -3.77264452
-1.93877554 2.79999995 -0.96531248 -3.74200392
-1.93877554 2.89999986 -0.95911229 -3.70802641
-1.93877554 2.99999976 -0.95241141 -3.67163301
-1.93877554 3.09999990 -0.94511437 -3.63238692
-1.93877554 3.20000005 -0.93703669 -3.58930659
-1.93877554 3.29999995 -0.92842299 -3.54380035
-1.93877554 3.40000010 -0.91922176 -3.49581003
-1.93877554 3.50000000 -0.90943956 -3.44524693
-1.93877554 3.59999990 -0.89912677 -3.39256930
-1.93877554 3.69999957 -0.88835126 -3.33801603
-1.93877554 3.79999995 -0.87687391 -3.28047466
-1.93877554 3.90000010 -0.86509717 -3.22221017
-1.93877554 4.00000000 -0.85274279 -3.16183853
-1.93877554 4.09999990 -0.84010154 -3.10050154
-1.73469388 0.10000000 -1.00000000 -3.73469400
-1.73469388 0.20000000 -1.00000000 -3.73469400
-1.73469388 0.30000001 -1.00000000 -3.73469400
-1.73469388 0.39999998 -1.00000000 -3.73469400
-1.73469388 0.50000000 -1.00000000 -3.73469400
-1.73469388 0.60000002 -1.00000000 -3.73469400
-1.73469388 0.69999993 -0.99999976 -3.73469281
-1.73469388 0.79999995 -0.99999911 -3.73468876
-1.73469388 0.89999998 -0.99999458 -3.73466301
-1.73469388 0.99999988 -0.99998063 -3.73458290
-1.73469388 1.10000002 -0.99994373 -3.73437142
-1.73469388 1.20000005 -0.99986082 -3.73389697
-1.73469388 1.29999995 -0.99970454 -3.73300290
-1.73469388 1.39999998 -0.99944234 -3.73150706
-1.73469388 1.49999988 -0.99901676 -3.72908497
-1.73469388 1.60000002 -0.99840504 -3.72561002
-1.73469388 1.70000005 -0.99752855 -3.72064519
-1.73469388 1.79999995 -0.99639112 -3.71423078
-1.73469388 1.89999986 -0.99486983 -3.70569372
-1.73469388 2.00000000 -0.99296236 -3.69503546
-1.73469388 2.09999990 -0.99064833 -3.68218780
-1.73469388 2.20000005 -0.98781878 -3.66658878
-1.73469388 2.29999995 -0.98447174 -3.64823508
-1.73469388 2.39999986 -0.98053288 -3.62679005
-1.73469388 2.49999976 -0.97588849 -3.60176396
-1.73469388 2.59999990 -0.97078490 -3.57444358
-1.73469388 2.70000005 -0.96502525 -3.54395843
-1.73469388 2.79999995 -0.95844823 -3.50936866
-1.73469388 2.89999986 -0.95121288 -3.47183013
-1.73469388 2.99999976 -0.94342393 -3.43174076
-1.73469388 3.09999990 -0.93468910 -3.38741446
-1.73469388 3.20000005 -0.92557418 -3.34140253
-1.73469388 3.29999995 -0.91556299 -3.29164553
-1.73469388 3.40000010 -0.90496469 -3.23962879
-1.73469388 3.50000000 -0.89365363 -3.18462682
-1.73469388 3.59999990 -0.88159406 -3.12686729
-1.73469388 3.69999957 -0.86927646 -3.06843519
-1.73469388 3.79999995 -0.85620427 -3.00741649
-1.73469388 3.90000010 -0.84273630 -2.94504952
-1.73469388 4.00000000 -0.82901704 -2.88253236
-1.73469388 4.09999990 -0.81480783 -2.81853080
-1.53061223 0.10000000 -1.00000000 -3.53061223
-1.53061223 0.20000000 -1.00000000 -3.53061223
-1.53061223 0.30000001 -1.00000000 -3.53061223
-1.53061223 0.39999998 -1.00000000 -3.53061223
-1.53061223 0.50000000 -1.00000000 -3.53061223
-1.53061223 0.60000002 -1.00000000 -3.53061223
-1.53061223 0.69999993 -0.99999976 -3.53061104
-1.53061223 0.79999995 -0.99999785 -3.53060031
-1.53061223 0.89999998 -0.99999136 -3.53056455
-1.53061223 0.99999988 -0.99996936 -3.53044319
-1.53061223 1.10000002 -0.99991363 -3.53013468
-1.53061223 1.20000005 -0.99979836 -3.52949953
-1.53061223 1.29999995 -0.99958867 -3.52834392
-1.53061223 1.39999998 -0.99923760 -3.52641678
-1.53061223 1.49999988 -0.99869609 -3.52344728
-1.53061223 1.60000002 -0.99790281 -3.51912475
-1.53061223 1.70000005 -0.99684179 -3.51335335
-1.53061223 1.79999995 -0.99538201 -3.50545311
-1.53061223 1.89999986 -0.99354064 -3.49555278
-1.53061223 2.00000000 -0.99119693 -3.48301935
-1.53061223 2.09999990 -0.98835063 -3.46791506
-1.53061223 2.20000005 -0.98490185 -3.44975758
-1.53061223 2.29999995 -0.98085821 -3.42864203
-1.53061223 2.39999986 -0.97609341 -3.40397763
-1.53061223 2.49999976 -0.97071910 -3.37644696
-1.53061223 2.59999990 -0.96451032 -3.34495926
-1.53061223 2.70000005 -0.95753253 -3.30999160
-1.53061223 2.79999995 -0.94995302 -3.27240181
-1.53061223 2.89999986 -0.94141906 -3.23054981
-1.53061223 2.99999976 -0.93208170 -3.18544555
-1.53061223 3.09999990 -0.92210603 -3.13776398
-1.53061223 3.20000005 -0.91114253 -3.08605814
-1.53061223 3.29999995 -0.89935768 -3.03132963
-1.53061223 3.40000010 -0.88689065 -2.97409630
-1.53061223 3.50000000 -0.87403291 -2.91589117
-1.53061223 3.59999990 -0.86004084 -2.85346103
-1.53061223 3.69999957 -0.84573668 -2.79063225
-1.53061223 3.79999995 -0.83059448 -2.72495580
-1.53061223 3.90000010 -0.81525862 -2.65955353
-1.53061223 4.00000000 -0.79956710 -2.59346128
-1.53061223 4.09999990 -0.78364778 -2.52739763
-1.32653058 0.10000000 -1.00000000 -3.32653046
-1.32653058 0.20000000 -1.00000000 -3.32653046
-1.32653058 0.30000001 -1.00000000 -3.32653046
-1.32653058 0.39999998 -1.00000000 -3.32653046
-1.32653058 0.50000000 -1.00000000 -3.32653046
-1.32653058 0.60000002 -0.99999994 -3.32653022
-1.32653058 0.69999993 -0.99999958 -3.32652831
-1.32653058 0.79999995 -0.99999660 -3.32651234
-1.32653058 0.89999998 -0.99998540 -3.32645273
-1.32653058 0.99999988 -0.99994993 -3.32626390
-1.32653058 1.10000002 -0.99987441 -3.32586312
-1.32653058 1.20000005 -0.99971294 -3.32500577
-1.32653058 1.29999995 -0.99942982 -3.32350659
-1.32653058 1.39999998 -0.99896395 -3.32104993
-1.32653058 1.49999988 -0.99827904 -3.31744313
-1.32653058 1.60000002 -0.99727809 -3.31220841
-1.32653058 1.70000005 -0.99591655 -3.30512547
-1.32653058 1.79999995 -0.99409378 -3.29569602
-1.32653058 1.89999986 -0.99178857 -3.28384280
-1.32653058 2.00000000 -0.98891580 -3.26922750
-1.32653058 2.09999990 -0.98544788 -3.25170255
-1.32653058 2.20000005 -0.98123926 -3.23062181
-1.32653058 2.29999995 -0.97625726 -3.20596910
-1.32653058 2.39999986 -0.97051823 -3.17787409
-1.32653058 2.49999976 -0.96409464 -3.14679551
-1.32653058 2.59999990 -0.95652163 -3.11067438
-1.32653058 2.70000005 -0.94827569 -3.07176185
-1.32653058 2.79999995 -0.93905586 -3.02886033
-1.32653058 2.89999986 -0.92876726 -2.98173594
-1.32653058 2.99999976 -0.91768456 -2.93167496
-1.32653058 3.09999990 -0.90553719 -2.87779975
-1.32653058 3.20000005 -0.89254761 -2.82092142
-1.32653058 3.29999995 -0.87867528 -2.76126122
-1.32653058 3.40000010 -0.86402857 -2.69909120
-1.32653058 3.50000000 -0.84866619 -2.63523698
-1.32653058 3.59999990 -0.83239245 -2.56839681
-1.32653058 3.69999957 -0.81577700 -2.50146246
-1.32653058 3.79999995 -0.79849488 -2.43297958
-1.32653058 3.90000010 -0.78087926 -2.36444497
-1.32653058 4.00000000 -0.76264393 -2.29456782
-1.32653058 4.09999990 -0.74429995 -2.22527432
-1.12244892 0.10000000 -1.00000000 -3.12244892
-1.12244892 0.20000000 -1.00000000 -3.12244892
-1.12244892 0.30000001 -1.00000000 -3.12244892
-1.12244892 0.39999998 -1.00000000 -3.12244892
-1.12244892 0.50000000 -1.00000000 -3.12244892
-1.12244892 0.60000002 -0.99999994 -3.12244868
-1.12244892 0.69999993 -0.99999911 -3.12244439
-1.12244892 0.79999995 -0.99999440 -3.12242007
-1.12244892 0.89999998 -0.99997765 -3.12233448
-1.12244892 0.99999988 -0.99992973 -3.12208939
-1.12244892 1.10000002 -0.99981898 -3.12152433
-1.12244892 1.20000005 -0.99959552 -3.12038636
-1.12244892 1.29999995 -0.99921745 -3.11846733
-1.12244892 1.39999998 -0.99860841 -3.11538792
-1.12244892 1.49999988 -0.99770516 -3.11083722
-1.12244892 1.60000002 -0.99642575 -3.10444021
-1.12244892 1.70000005 -0.99468648 -3.09580612
-1.12244892 1.79999995 -0.99239963 -3.08452225
-1.12244892 1.89999986 -0.98955500 -3.07063007
-1.12244892 2.00000000 -0.98597580 -3.05334568
-1.12244892 2.09999990 -0.98164755 -3.03265142
-1.12244892 2.20000005 -0.97642893 -3.00797653
-1.12244892 2.29999995 -0.97040588 -2.97984028
-1.12244892 2.39999986 -0.96337259 -2.94749975
-1.12244892 2.49999976 -0.95541424 -2.91145205
-1.12244892 2.59999990 -0.94614887 -2.87021327
-1.12244892 2.70000005 -0.93596107 -2.82542920
-1.12244892 2.79999995 -0.92457622 -2.77635694
-1.12244892 2.89999986 -0.91217059 -2.72385979
-1.12244892 2.99999976 -0.89854562 -2.66725707
-1.12244892 3.09999990 -0.88389957 -2.60759568
-1.12244892 3.20000005 -0.86819416 -2.54447269
-1.12244892 3.29999995 -0.85166013 -2.47972083
-1.12244892 3.40000010 -0.83378804 -2.41081166
-1.12244892 3.50000000 -0.81536794 -2.34129357
-1.12244892 3.59999990 -0.79635227 -2.27079654
-1.12244892 3.69999957 -0.77682763 -2.19971943
-1.12244892 3.79999995 -0.75667143 -2.12805510
-1.12244892 3.90000010 -0.73630166 -2.05682015
-1.12244892 4.00000000 -0.71566987 -1.98589849
-1.12244892 4.09999990 -0.69518763 -1.91676390
-0.91836733 0.10000000 -1.00000000 -2.91836739
-0.91836733 0.20000000 -1.00000000 -2.91836739
-0.91836733 0.30000001 -1.00000000 -2.91836739
-0.91836733 0.39999998 -1.00000000 -2.91836739
-0.91836733 0.50000000 -1.00000000 -2.91836739
-0.91836733 0.60000002 -0.99999976 -2.91836643
-0.91836733 0.69999993 -0.99999833 -2.91835928
-0.91836733 0.79999995 -0.99999100 -2.91832304
-0.91836733 0.89999998 -0.99996495 -2.91819525
-0.91836733 0.99999988 -0.99989051 -2.91782975
-0.91836733 1.10000002 -0.99974179 -2.91710377
-0.91836733 1.20000005 -0.99942869 -2.91557550
-0.91836733 1.29999995 -0.99892098 -2.91311002
-0.91836733 1.39999998 -0.99811071 -2.90920067
-0.91836733 1.49999988 -0.99691552 -2.90345931
-0.91836733 1.60000002 -0.99528337 -2.89569426
-0.91836733 1.70000005 -0.99305487 -2.88518310
-0.91836733 1.79999995 -0.99014640 -2.87160850
-0.91836733 1.89999986 -0.98652732 -2.85490632
-0.91836733 2.00000000 -0.98204207 -2.83446169
-0.91836733 2.09999990 -0.97660089 -2.80999660
-0.91836733 2.20000005 -0.97012335 -2.78131723
-0.91836733 2.29999995 -0.96240896 -2.74783683
-0.91836733 2.39999986 -0.95363748 -2.71028972
-0.91836733 2.49999976 -0.94359660 -2.66822338
-0.91836733 2.59999990 -0.93206728 -2.62079835
-0.91836733 2.70000005 -0.91940838 -2.56974769
-0.91836733 2.79999995 -0.90532225 -2.51426601
-0.91836733 2.89999986 -0.88965887 -2.45387244
-0.91836733 2.99999976 -0.87262899 -2.38988686
-0.91836733 3.09999990 -0.85443699 -2.32285309
-0.91836733 3.20000005 -0.83481485 -2.25244355
-0.91836733 3.29999995 -0.81432605 -2.18052483
-0.91836733 3.40000010 -0.79311150 -2.10779452
-0.91836733 3.50000000 -0.77068746 -2.03271246
-0.91836733 3.59999990 -0.74786925 -1.95807815
-0.91836733 3.69999957 -0.72416192 -1.88221800
-0.91836733 3.79999995 -0.70125306 -1.81010318
-0.91836733 3.90000010 -0.67787343 -1.73879409
-0.91836733 4.00000000 -0.65422404 -1.66768646
-0.91836733 4.09999990 -0.63107306 -1.59922516
-0.71428573 0.10000000 -1.00000000 -2.71428585
-0.71428573 0.20000000 -1.00000000 -2.71428585
-0.71428573 0.30000001 -1.00000000 -2.71428585
-0.71428573 0.39999998 -1.00000000 -2.71428585
-0.71428573 0.50000000 -0.99999994 -2.71428561
-0.71428573 0.60000002 -0.99999964 -2.71428418
-0.71428573 0.69999993 -0.99999714 -2.71427250
-0.71428573 0.79999995 -0.99998438 -2.71421218
-0.71428573 0.89999998 -0.99994230 -2.71401429
-0.71428573 0.99999988 -0.99983406 -2.71350670
-0.71428573 1.10000002 -0.99960905 -2.71245432
-0.71428573 1.20000005 -0.99918771 -2.71049190
-0.71428573 1.29999995 -0.99849439 -2.70728683
-0.71428573 1.39999998 -0.99741155 -2.70230889
-0.71428573 1.49999988 -0.99587703 -2.69531870
-0.71428573 1.60000002 -0.99371195 -2.68556523
-0.71428573 1.70000005 -0.99085283 -2.67283583
-0.71428573 1.79999995 -0.98712939 -2.65648317
-0.71428573 1.89999986 -0.98242784 -2.63613176
-0.71428573 2.00000000 -0.97669244 -2.61171889
-0.71428573 2.09999990 -0.96962899 -2.58221602
-0.71428573 2.20000005 -0.96134096 -2.54835153
-0.71428573 2.29999995 -0.95161515 -2.50950050
-0.71428573 2.39999986 -0.94024187 -2.46492958
-0.71428573 2.49999976 -0.92716116 -2.41506672
-0.71428573 2.59999990 -0.91223574 -2.35949993
-0.71428573 2.70000005 -0.89551824 -2.29915643
-0.71428573 2.79999995 -0.87719983 -2.23480034
-0.71428573 2.89999986 -0.85702974 -2.16596389
-0.71428573 2.99999976 -0.83495563 -2.09273553
-0.71428573 3.09999990 -0.81145889 -2.01712728
-0.71428573 3.20000005 -0.78645003 -1.93886971
-0.71428573 3.29999995 -0.76054829 -1.86022508
-0.71428573 3.40000010 -0.73348343 -1.78069890
-0.71428573 3.50000000 -0.70614076 -1.70200622
-0.71428573 3.59999990 -0.67917585 -1.62637448
-0.71428573 3.69999957 -0.65125507 -1.55045855
-0.71428573 3.79999995 -0.62467295 -1.47996473
-0.71428573 3.90000010 -0.59748030 -1.40918159
-0.71428573 4.00000000 -0.57156301 -1.34292948
-0.71428573 4.09999990 -0.54645723 -1.28028595
-0.51020408 0.10000000 -1.00000000 -2.51020408
-0.51020408 0.20000000 -1.00000000 -2.51020408
-0.51020408 0.30000001 -1.00000000 -2.51020408
-0.51020408 0.39999998 -1.00000000 -2.51020408
-0.51020408 0.50000000 -0.99999994 -2.51020384
-0.51020408 0.60000002 -0.99999934 -2.51020122
-0.51020408 0.69999993 -0.99999571 -2.51018476
-0.51020408 0.79999995 -0.99997354 -2.51008487
-0.51020408 0.89999998 -0.99991053 -2.50980258
-0.51020408 0.99999988 -0.99975365 -2.50909948
-0.51020408 1.10000002 -0.99941790 -2.50760269
-0.51020408 1.20000005 -0.99883604 -2.50502610
-0.51020408 1.29999995 -0.99788332 -2.50084972
-0.51020408 1.39999998 -0.99642849 -2.49452615
-0.51020408 1.49999988 -0.99438798 -2.48576856
-0.51020408 1.60000002 -0.99150050 -2.47355413
-0.51020408 1.70000005 -0.98772699 -2.45781207
-0.51020408 1.79999995 -0.98282605 -2.43777966
-0.51020408 1.89999986 -0.97666520 -2.41315579
-0.51020408 2.00000000 -0.96900189 -2.38314342
-0.51020408 2.09999990 -0.95971102 -2.34774637
-0.51020408 2.20000005 -0.94870210 -2.30690122
-0.51020408 2.29999995 -0.93530965 -2.25878358
-0.51020408 2.39999986 -0.92002082 -2.20555019
-0.51020408 2.49999976 -0.90204477 -2.14519429
-0.51020408 2.59999990 -0.88159287 -2.07890606
-0.51020408 2.70000005 -0.85863763 -2.00713944
-0.51020408 2.79999995 -0.83303440 -1.93016994
-0.51020408 2.89999986 -0.80498302 -1.84935260
-0.51020408 2.99999976 -0.77544183 -1.76711714
-0.51020408 3.09999990 -0.74308914 -1.68081319
-0.51020408 3.20000005 -0.70950395 -1.59455705
-0.51020408 3.29999995 -0.67575264 -1.51080203
-0.51020408 3.40000010 -0.64193249 -1.42932320
-0.51020408 3.50000000 -0.60769027 -1.34997690
-0.51020408 3.59999990 -0.57550555 -1.27671206
-0.51020408 3.69999957 -0.54379058 -1.20680416
-0.51020408 3.79999995 -0.51378030 -1.14231408
-0.51020408 3.90000010 -0.48507842 -1.08142781
-0.51020408 4.00000000 -0.45857170 -1.02665436
-0.51020408 4.09999990 -0.43354177 -0.97521621
-0.30612245 0.10000000 -1.00000000 -2.30612254
-0.30612245 0.20000000 -1.00000000 -2.30612254
-0.30612245 0.30000001 -1.00000000 -2.30612254
-0.30612245 0.39999998 -1.00000000 -2.30612254
-0.30612245 0.50000000 -0.99999994 -2.30612230
-0.30612245 0.60000002 -0.99999887 -2.30611753
-0.30612245 0.69999993 -0.99999076 -2.30608273
-0.30612245 0.79999995 -0.99995607 -2.30593371
-0.30612245 0.89999998 -0.99985892 -2.30551910
-0.30612245 0.99999988 -0.99962205 -2.30451035
-0.30612245 1.10000002 -0.99916452 -2.30257607
-0.30612245 1.20000005 -0.99832237 -2.29905844
-0.30612245 1.29999995 -0.99699628 -2.29355741
-0.30612245 1.39999998 -0.99501145 -2.28547287
-0.30612245 1.49999988 -0.99217117 -2.27410674
-0.30612245 1.60000002 -0.98827642 -2.25881410
-0.30612245 1.70000005 -0.98317218 -2.23918366
-0.30612245 1.79999995 -0.97644114 -2.21410990
-0.30612245 1.89999986 -0.96786600 -2.18302250
-0.30612245 2.00000000 -0.95711941 -2.14549589
-0.30612245 2.09999990 -0.94403428 -2.10143375
-0.30612245 2.20000005 -0.92770207 -2.04876423
-0.30612245 2.29999995 -0.90797234 -1.98823309
-0.30612245 2.39999986 -0.88479918 -1.92046571
-0.30612245 2.49999976 -0.85734844 -1.84450889
-0.30612245 2.59999990 -0.82578063 -1.76173174
-0.30612245 2.70000005 -0.78855509 -1.67016053
-0.30612245 2.79999995 -0.74830920 -1.57594621
-0.30612245 2.89999986 -0.70480478 -1.48061669
-0.30612245 2.99999976 -0.65934670 -1.38600218
-0.30612245 3.09999990 -0.61337084 -1.29409301
-0.30612245 3.20000005 -0.56811661 -1.20802915
-0.30612245 3.29999995 -0.52396375 -1.12697923
-0.30612245 3.40000010 -0.48320168 -1.05471659
-0.30612245 3.50000000 -0.44537738 -0.98893768
-0.30612245 3.59999990 -0.41093943 -0.92977643
-0.30612245 3.69999957 -0.38017574 -0.87766385
-0.30612245 3.79999995 -0.35241634 -0.83116490
-0.30612245 3.90000010 -0.32687557 -0.78855699
-0.30612245 4.00000000 -0.30462566 -0.75115991
-0.30612245 4.09999990 -0.28446010 -0.71721500
-0.10204082 0.10000000 -1.00000000 -2.10204077
-0.10204082 0.20000000 -1.00000000 -2.10204077
-0.10204082 0.30000001 -1.00000000 -2.10204077
-0.10204082 0.39999998 -1.00000000 -2.10204077
-0.10204082 0.50000000 -0.99999988 -2.10204029
-0.10204082 0.60000002 -0.99999756 -2.10203075
-0.10204082 0.69999993 -0.99998426 -2.10197639
-0.10204082 0.79999995 -0.99992937 -2.10175228
-0.10204082 0.89999998 -0.99977404 -2.10112286
-0.10204082 0.99999988 -0.99941981 -2.09970140
-0.10204082 1.10000002 -0.99873936 -2.09698939
-0.10204082 1.20000005 -0.99756759 -2.09238791
-0.10204082 1.29999995 -0.99567115 -2.08507872
-0.10204082 1.39999998 -0.99292403 -2.07471275
-0.10204082 1.49999988 -0.98890704 -2.05995083
-0.10204082 1.60000002 -0.98332268 -2.04010224
-0.10204082 1.70000005 -0.97582394 -2.01437831
-0.10204082 1.79999995 -0.96594357 -1.98191333
-0.10204082 1.89999986 -0.95271999 -1.94092798
-0.10204082 2.00000000 -0.93523377 -1.89006960
-0.10204082 2.09999990 -0.91254759 -1.82892036
-0.10204082 2.20000005 -0.88286757 -1.75568318
-0.10204082 2.29999995 -0.84381032 -1.66848421
-0.10204082 2.39999986 -0.79275382 -1.56746185
-0.10204082 2.49999976 -0.72693771 -1.45280266
-0.10204082 2.59999990 -0.64974636 -1.33303404
-0.10204082 2.70000005 -0.56643409 -1.21621835
-0.10204082 2.79999995 -0.48203900 -1.10760140
-0.10204082 2.89999986 -0.40951309 -1.01676178
-0.10204082 2.99999976 -0.34516990 -0.94013625
-0.10204082 3.09999990 -0.29503080 -0.87693465
-0.10204082 3.20000005 -0.25515452 -0.82412028
-0.10204082 3.29999995 -0.22208306 -0.77836484
-0.10204082 3.40000010 -0.19587737 -0.73995906
-0.10204082 3.50000000 -0.17403060 -0.70619404
-0.10204082 3.59999990 -0.15594192 -0.67545801
-0.10204082 3.69999957 -0.14039795 -0.64806974
-0.10204082 3.79999995 -0.12810688 -0.62384635
-0.10204082 3.90000010 -0.11764761 -0.60115010
-0.10204082 4.00000000 -0.10816605 -0.58096480
-0.10204082 4.09999990 -0.09977643 -0.56180197
0.10204082 0.10000000 1.00000000 -2.10204077
0.10204082 0.20000000 1.00000000 -2.10204077
0.10204082 0.30000001 1.00000000 -2.10204077
0.10204082 0.39999998 1.00000000 -2.10204077
0.10204082 0.50000000 0.99999994 -2.10204053
0.10204082 0.60000002 0.99999768 -2.10203123
0.10204082 0.69999993 0.99998361 -2.10197377
0.10204082 0.79999995 0.99992937 -2.10175276
0.10204082 0.89999998 0.99977243 -2.10111642
0.10204082 0.99999988 0.99942571 -2.09972119
0.10204082 1.10000002 0.99874085 -2.09699416
0.10204082 1.20000005 0.99755043 -2.09232187
0.10204082 1.29999995 0.99571598 -2.08525681
0.10204082 1.39999998 0.99290633 -2.07463169
0.10204082 1.49999988 0.98888624 -2.05988407
0.10204082 1.60000002 0.98333025 -2.04008579
0.10204082 1.70000005 0.97582531 -2.01437473
0.10204082 1.79999995 0.96585149 -1.98166227
0.10204082 1.89999986 0.95272368 -1.94096327
0.10204082 2.00000000 0.93546015 -1.89067698
0.10204082 2.09999990 0.91258520 -1.82898438
0.10204082 2.20000005 0.88314492 -1.75623465
0.10204082 2.29999995 0.84350777 -1.66824710
0.10204082 2.39999986 0.79231447 -1.56656194
0.10204082 2.49999976 0.72857404 -1.45426130
0.10204082 2.59999990 0.64917439 -1.33237267
0.10204082 2.70000005 0.56417423 -1.21398938
0.10204082 2.79999995 0.48400593 -1.10953283
0.10204082 2.89999986 0.40962416 -1.01769578
0.10204082 2.99999976 0.34541163 -0.93992680
0.10204082 3.09999990 0.29588634 -0.87716717
0.10204082 3.20000005 0.25579345 -0.82450867
0.10204082 3.29999995 0.22199677 -0.77894700
0.10204082 3.40000010 0.19625027 -0.74034780
0.10204082 3.50000000 0.17390937 -0.70578188
0.10204082 3.59999990 0.15568216 -0.67535204
0.10204082 3.69999957 0.14121075 -0.64842629
0.10204082 3.79999995 0.12771688 -0.62373447
0.10204082 3.90000010 0.11774887 -0.60181975
0.10204082 4.00000000 0.10852475 -0.58074069
0.10204082 4.09999990 0.10003702 -0.56191081
0.30612245 0.10000000 1.00000000 -2.30612254
0.30612245 0.20000000 1.00000000 -2.30612254
0.30612245 0.30000001 1.00000000 -2.30612254
0.30612245 0.39999998 1.00000000 -2.30612254
0.30612245 0.50000000 0.99999994 -2.30612230
0.30612245 0.60000002 0.99999833 -2.30611539
0.30612245 0.69999993 0.99999058 -2.30608201
0.30612245 0.79999995 0.99995750 -2.30593991
0.30612245 0.89999998 0.99985778 -2.30551291
0.30612245 0.99999988 0.99962544 -2.30452490
0.30612245 1.10000002 0.99915028 -2.30251646
0.30612245 1.20000005 0.99832541 -2.29906082
0.30612245 1.29999995 0.99703288 -2.29371500
0.30612245 1.39999998 0.99502075 -2.28550911
0.30612245 1.49999988 0.99218196 -2.27414083
0.30612245 1.60000002 0.98831701 -2.25896883
0.30612245 1.70000005 0.98318845 -2.23925066
0.30612245 1.79999995 0.97644842 -2.21410227
0.30612245 1.89999986 0.96791899 -2.18315887
0.30612245 2.00000000 0.95735532 -2.14624119
0.30612245 2.09999990 0.94393659 -2.10114264
0.30612245 2.20000005 0.92782205 -2.04919291
0.30612245 2.29999995 0.90829194 -1.98890042
0.30612245 2.39999986 0.88474512 -1.92020142
0.30612245 2.49999976 0.85726821 -1.84422398
0.30612245 2.59999990 0.82531005 -1.76061618
0.30612245 2.70000005 0.78883040 -1.67060363
0.30612245 2.79999995 0.74837852 -1.57661569
0.30612245 2.89999986 0.70470798 -1.48063493
0.30612245 2.99999976 0.65932947 -1.38559628
0.30612245 3.09999990 0.61327797 -1.29399014
0.30612245 3.20000005 0.56730622 -1.20705569
0.30612245 3.29999995 0.52450651 -1.12811482
0.30612245 3.40000010 0.48337984 -1.05488348
0.30612245 3.50000000 0.44587991 -0.98968464
0.30612245 3.59999990 0.41139790 -0.93048382
0.30612245 3.69999957 0.38012731 -0.87806708
0.30612245 3.79999995 0.35194138 -0.83096826
0.30612245 3.90000010 0.32722542 -0.78866971
0.30612245 4.00000000 0.30469319 -0.75095809
0.30612245 4.09999990 0.28449005 -0.71712381
0.51020408 0.10000000 1.00000000 -2.51020408
0.51020408 0.20000000 1.00000000 -2.51020408
0.51020408 0.30000001 1.00000000 -2.51020408
0.51020408 0.39999998 1.00000000 -2.51020408
0.51020408 0.50000000 0.99999994 -2.51020384
0.51020408 0.60000002 0.99999940 -2.51020122
0.51020408 0.69999993 0.99999583 -2.51018524
0.51020408 0.79999995 0.99997461 -2.51008940
0.51020408 0.89999998 0.99991214 -2.50980926
0.51020408 0.99999988 0.99975246 -2.50909448
0.51020408 1.10000002 0.99942154 -2.50762105
0.51020408 1.20000005 0.99883318 -2.50501728
0.51020408 1.29999995 0.99788785 -2.50086236
0.51020408 1.39999998 0.99647188 -2.49470854
0.51020408 1.49999988 0.99435556 -2.48562908
0.51020408 1.60000002 0.99152130 -2.47363710
0.51020408 1.70000005 0.98769820 -2.45773005
0.51020408 1.79999995 0.98280007 -2.43769097
0.51020408 1.89999986 0.97663563 -2.41303468
0.51020408 2.00000000 0.96896750 -2.38302255
0.51020408 2.09999990 0.95962077 -2.34739399
0.51020408 2.20000005 0.94857579 -2.30642867
0.51020408 2.29999995 0.93536067 -2.25897932
0.51020408 2.39999986 0.91986495 -2.20503449
0.51020408 2.49999976 0.90217620 -2.14548802
0.51020408 2.59999990 0.88178819 -2.07938290
0.51020408 2.70000005 0.85877424 -2.00744653
0.51020408 2.79999995 0.83306408 -1.93039978
0.51020408 2.89999986 0.80506563 -1.84962344
0.51020408 2.99999976 0.77463269 -1.76521552
0.51020408 3.09999990 0.74291873 -1.68033826
0.51020408 3.20000005 0.70981991 -1.59505200
0.51020408 3.29999995 0.67575651 -1.51046002
0.51020408 3.40000010 0.64200109 -1.42956889
0.51020408 3.50000000 0.60785288 -1.34977543
0.51020408 3.59999990 0.57552451 -1.27707148
0.51020408 3.69999957 0.54408324 -1.20742631
0.51020408 3.79999995 0.51384079 -1.14217532
0.51020408 3.90000010 0.48485968 -1.08144569
0.51020408 4.00000000 0.45855647 -1.02677715
0.51020408 4.09999990 0.43333197 -0.97530073
0.71428573 0.10000000 1.00000000 -2.71428585
0.71428573 0.20000000 1.00000000 -2.71428585
0.71428573 0.30000001 1.00000000 -2.71428585
0.71428573 0.39999998 1.00000000 -2.71428585
0.71428573 0.50000000 1.00000000 -2.71428585
0.71428573 0.60000002 0.99999976 -2.71428466
0.71428573 0.69999993 0.99999726 -2.71427298
0.71428573 0.79999995 0.99998468 -2.71421385
0.71428573 0.89999998 0.99994171 -2.71401143
0.71428573 0.99999988 0.99983728 -2.71352148
0.71428573 1.10000002 0.99960983 -2.71245790
0.71428573 1.20000005 0.99920058 -2.71055532
0.71428573 1.29999995 0.99848473 -2.70723796
0.71428573 1.39999998 0.99740255 -2.70227146
0.71428573 1.49999988 0.99583423 -2.69512844
0.71428573 1.60000002 0.99370795 -2.68554664
0.71428573 1.70000005 0.99083358 -2.67273068
0.71428573 1.79999995 0.98706996 -2.65621376
0.71428573 1.89999986 0.98242557 -2.63612962
0.71428573 2.00000000 0.97672546 -2.61187410
0.71428573 2.09999990 0.96962506 -2.58226895
0.71428573 2.20000005 0.96134812 -2.54838014
0.71428573 2.29999995 0.95165396 -2.50961256
0.71428573 2.39999986 0.94026387 -2.46495795
0.71428573 2.49999976 0.92694169 -2.41432548
0.71428573 2.59999990 0.91232806 -2.35995936
0.71428573 2.70000005 0.89561224 -2.29951143
0.71428573 2.79999995 0.87738788 -2.23545980
0.71428573 2.89999986 0.85709238 -2.16621470
0.71428573 2.99999976 0.83513623 -2.09338570
0.71428573 3.09999990 0.81155509 -2.01742005
0.71428573 3.20000005 0.78650451 -1.93921757
0.71428573 3.29999995 0.76072222 -1.86091614
0.71428573 3.40000010 0.73376685 -1.78155208
0.71428573 3.50000000 0.70627874 -1.70263124
0.71428573 3.59999990 0.67862219 -1.62512624
0.71428573 3.69999957 0.65082252 -1.54963791
0.71428573 3.79999995 0.62401956 -1.47823787
0.71428573 3.90000010 0.59758264 -1.40924835
0.71428573 4.00000000 0.57137722 -1.34285247
0.71428573 4.09999990 0.54686004 -1.28134739
0.91836733 0.10000000 1.00000000 -2.91836739
0.91836733 0.20000000 1.00000000 -2.91836739
0.91836733 0.30000001 1.00000000 -2.91836739
0.91836733 0.39999998 1.00000000 -2.91836739
0.91836733 0.50000000 1.00000000 -2.91836739
0.91836733 0.60000002 0.99999988 -2.91836691
0.91836733 0.69999993 0.99999821 -2.91835856
0.91836733 0.79999995 0.99999124 -2.91832423
0.91836733 0.89999998 0.99996436 -2.91819263
0.91836733 0.99999988 0.99989325 -2.91784358
0.91836733 1.10000002 0.99973071 -2.91704798
0.91836733 1.20000005 0.99943173 -2.91558719
0.91836733 1.29999995 0.99891090 -2.91306162
0.91836733 1.39999998 0.99811161 -2.90920353
0.91836733 1.49999988 0.99692911 -2.90352440
0.91836733 1.60000002 0.99527270 -2.89565301
0.91836733 1.70000005 0.99303359 -2.88508034
0.91836733 1.79999995 0.99019861 -2.87183309
0.91836733 1.89999986 0.98651141 -2.85482121
0.91836733 2.00000000 0.98202842 -2.83438849
0.91836733 2.09999990 0.97664195 -2.81017160
0.91836733 2.20000005 0.97014856 -2.78140450
0.91836733 2.29999995 0.96248436 -2.74811411
0.91836733 2.39999986 0.95377868 -2.71090603
0.91836733 2.49999976 0.94361228 -2.66822529
0.91836733 2.59999990 0.93213350 -2.62108016
0.91836733 2.70000005 0.91932130 -2.56946945
0.91836733 2.79999995 0.90524513 -2.51408505
0.91836733 2.89999986 0.88954943 -2.45354223
0.91836733 2.99999976 0.87263435 -2.38987803
0.91836733 3.09999990 0.85455728 -2.32332468
0.91836733 3.20000005 0.83515352 -2.25364852
0.91836733 3.29999995 0.81462538 -2.18153238
0.91836733 3.40000010 0.79277414 -2.10679126
0.91836733 3.50000000 0.77065951 -2.03271580
0.91836733 3.59999990 0.74770576 -1.95746624
0.91836733 3.69999957 0.72419655 -1.88235271
0.91836733 3.79999995 0.70086110 -1.80912459
0.91836733 3.90000010 0.67722380 -1.73700094
0.91836733 4.00000000 0.65404838 -1.66694689
0.91836733 4.09999990 0.63143092 -1.60023320
1.12244892 0.10000000 1.00000000 -3.12244892
1.12244892 0.20000000 1.00000000 -3.12244892
1.12244892 0.30000001 1.00000000 -3.12244892
1.12244892 0.39999998 1.00000000 -3.12244892
1.12244892 0.50000000 1.00000000 -3.12244892
1.12244892 0.60000002 0.99999994 -3.12244868
1.12244892 0.69999993 0.99999923 -3.12244511
1.12244892 0.79999995 0.99999356 -3.12241602
1.12244892 0.89999998 0.99997717 -3.12233186
1.12244892 0.99999988 0.99992931 -3.12208748
1.12244892 1.10000002 0.99981612 -3.12150955
1.12244892 1.20000005 0.99959743 -3.12039542
1.12244892 1.29999995 0.99921453 -3.11845350
1.12244892 1.39999998 0.99860275 -3.11535883
1.12244892 1.49999988 0.99770963 -3.11086559
1.12244892 1.60000002 0.99642849 -3.10445881
1.12244892 1.70000005 0.99467564 -3.09575009
1.12244892 1.79999995 0.99246454 -3.08485222
1.12244892 1.89999986 0.98955423 -3.07063127
1.12244892 2.00000000 0.98592728 -3.05309653
1.12244892 2.09999990 0.98166263 -3.03270769
1.12244892 2.20000005 0.97649449 -3.00830317
1.12244892 2.29999995 0.97045046 -2.98007989
1.12244892 2.39999986 0.96338785 -2.94765234
1.12244892 2.49999976 0.95534283 -2.91114593
1.12244892 2.59999990 0.94624114 -2.87052703
1.12244892 2.70000005 0.93592882 -2.82530212
1.12244892 2.79999995 0.92455727 -2.77629399
1.12244892 2.89999986 0.91220421 -2.72392797
1.12244892 2.99999976 0.89867657 -2.66767287
1.12244892 3.09999990 0.88402712 -2.60775185
1.12244892 3.20000005 0.86834693 -2.54518700
1.12244892 3.29999995 0.85155159 -2.47904706
1.12244892 3.40000010 0.83402687 -2.41180325
1.12244892 3.50000000 0.81564295 -2.34220695
1.12244892 3.59999990 0.79643697 -2.27125597
1.12244892 3.69999957 0.77666557 -2.19921970
1.12244892 3.79999995 0.75659817 -2.12759614
1.12244892 3.90000010 0.73611462 -2.05593419
1.12244892 4.00000000 0.71603501 -1.98707104
1.12244892 4.09999990 0.69519848 -1.91673565
1.32653058 0.10000000 1.00000000 -3.32653046
1.32653058 0.20000000 1.00000000 -3.32653046
1.32653058 0.30000001 1.00000000 -3.32653046
1.32653058 0.39999998 1.00000000 -3.32653046
1.32653058 0.50000000 1.00000000 -3.32653046
1.32653058 0.60000002 1.00000000 -3.32653046
1.32653058 0.69999993 0.99999946 -3.32652760
1.32653058 0.79999995 0.99999708 -3.32651496
1.32653058 0.89999998 0.99998552 -3.32645345
1.32653058 0.99999988 0.99995375 -3.32628441
1.32653058 1.10000002 0.99987555 -3.32586861
1.32653058 1.20000005 0.99972039 -3.32504582
1.32653058 1.29999995 0.99944001 -3.32356143
1.32653058 1.39999998 0.99896979 -3.32108259
1.32653058 1.49999988 0.99828076 -3.31745291
1.32653058 1.60000002 0.99728256 -3.31223321
1.32653058 1.70000005 0.99591130 -3.30509496
1.32653058 1.79999995 0.99410427 -3.29574060
1.32653058 1.89999986 0.99180734 -3.28393984
1.32653058 2.00000000 0.98896414 -3.26946330
1.32653058 2.09999990 0.98543090 -3.25159907
1.32653058 2.20000005 0.98125058 -3.23067665
1.32653058 2.29999995 0.97630292 -3.20619130
1.32653058 2.39999986 0.97059929 -3.17826080
1.32653058 2.49999976 0.96408552 -3.14674401
1.32653058 2.59999990 0.95653981 -3.11068559
1.32653058 2.70000005 0.94822550 -3.07148123
1.32653058 2.79999995 0.93889552 -3.02814054
1.32653058 2.89999986 0.92886162 -2.98214197
1.32653058 2.99999976 0.91752005 -2.93099523
1.32653058 3.09999990 0.90547198 -2.87753057
1.32653058 3.20000005 0.89250648 -2.82067060
1.32653058 3.29999995 0.87879312 -2.76168394
1.32653058 3.40000010 0.86404741 -2.69933081
1.32653058 3.50000000 0.84853792 -2.63474965
1.32653058 3.59999990 0.83236969 -2.56853080
1.32653058 3.69999957 0.81542748 -2.50029707
1.32653058 3.79999995 0.79846591 -2.43290114
1.32653058 3.90000010 0.78064829 -2.36354256
1.32653058 4.00000000 0.76276124 -2.29494810
1.32653058 4.09999990 0.74466807 -2.22666049
1.53061223 0.10000000 1.00000000 -3.53061223
1.53061223 0.20000000 1.00000000 -3.53061223
1.53061223 0.30000001 1.00000000 -3.53061223
1.53061223 0.39999998 1.00000000 -3.53061223
1.53061223 0.50000000 1.00000000 -3.53061223
1.53061223 0.60000002 1.00000000 -3.53061223
1.53061223 0.69999993 0.99999982 -3.53061128
1.53061223 0.79999995 0.99999785 -3.53060031
1.53061223 0.89999998 0.99999082 -3.53056169
1.53061223 0.99999988 0.99996972 -3.53044462
1.53061223 1.10000002 0.99991757 -3.53015661
1.53061223 1.20000005 0.99980319 -3.52952671
1.53061223 1.29999995 0.99958664 -3.52833486
1.53061223 1.39999998 0.99924308 -3.52644444
1.53061223 1.49999988 0.99869543 -3.52344823
1.53061223 1.60000002 0.99792910 -3.51926017
1.53061223 1.70000005 0.99683160 -3.51329446
1.53061223 1.79999995 0.99539167 -3.50551367
1.53061223 1.89999986 0.99352711 -3.49547791
1.53061223 2.00000000 0.99118507 -3.48295808
1.53061223 2.09999990 0.98834795 -3.46789384
1.53061223 2.20000005 0.98489106 -3.44969797
1.53061223 2.29999995 0.98089427 -3.42880082
1.53061223 2.39999986 0.97613549 -3.40418673
1.53061223 2.49999976 0.97070795 -3.37637758
1.53061223 2.59999990 0.96455240 -3.34520054
1.53061223 2.70000005 0.95764655 -3.31054926
1.53061223 2.79999995 0.94993299 -3.27223253
1.53061223 2.89999986 0.94138342 -3.23043871
1.53061223 2.99999976 0.93198955 -3.18494916
1.53061223 3.09999990 0.92197317 -3.13710594
1.53061223 3.20000005 0.91104376 -3.08563852
1.53061223 3.29999995 0.89937645 -3.03135538
1.53061223 3.40000010 0.88696980 -2.97444201
1.53061223 3.50000000 0.87357563 -2.91389203
1.53061223 3.59999990 0.86003584 -2.85344791
1.53061223 3.69999957 0.84564775 -2.79034114
1.53061223 3.79999995 0.83060408 -2.72497988
1.53061223 3.90000010 0.81539464 -2.66016722
1.53061223 4.00000000 0.79968268 -2.59402466
1.53061223 4.09999990 0.78330570 -2.52595162
1.73469388 0.10000000 1.00000000 -3.73469400
1.73469388 0.20000000 1.00000000 -3.73469400
1.73469388 0.30000001 1.00000000 -3.73469400
1.73469388 0.39999998 1.00000000 -3.73469400
1.73469388 0.50000000 1.00000000 -3.73469400
1.73469388 0.60000002 1.00000000 -3.73469400
1.73469388 0.69999993 0.99999982 -3.73469305
1.73469388 0.79999995 0.99999905 -3.73468828
1.73469388 0.89999998 0.99999338 -3.73465610
1.73469388 0.99999988 0.99997932 -3.73457551
1.73469388 1.10000002 0.99994040 -3.73435211
1.73469388 1.20000005 0.99985260 -3.73385000
1.73469388 1.29999995 0.99969918 -3.73297262
1.73469388 1.39999998 0.99943829 -3.73148489
1.73469388 1.49999988 0.99901950 -3.72909832
1.73469388 1.60000002 0.99839503 -3.72555089
1.73469388 1.70000005 0.99754107 -3.72071314
1.73469388 1.79999995 0.99639654 -3.71426558
1.73469388 1.89999986 0.99487263 -3.70570993
1.73469388 2.00000000 0.99295777 -3.69501615
1.73469388 2.09999990 0.99061292 -3.68198872
1.73469388 2.20000005 0.98780352 -3.66648221
1.73469388 2.29999995 0.98443109 -3.64804435
1.73469388 2.39999986 0.98046654 -3.62645364
1.73469388 2.49999976 0.97591364 -3.60187793
1.73469388 2.59999990 0.97075248 -3.57427025
1.73469388 2.70000005 0.96497798 -3.54369712
1.73469388 2.79999995 0.95851052 -3.50976324
1.73469388 2.89999986 0.95121944 -3.47185993
1.73469388 2.99999976 0.94348651 -3.43213558
1.73469388 3.09999990 0.93486178 -3.38815355
1.73469388 3.20000005 0.92548186 -3.34104896
1.73469388 3.29999995 0.91548860 -3.29130435
1.73469388 3.40000010 0.90486562 -3.23906374
1.73469388 3.50000000 0.89348179 -3.18383813
1.73469388 3.59999990 0.88166177 -3.12721992
1.73469388 3.69999957 0.86905468 -3.06737208
1.73469388 3.79999995 0.85625082 -3.00761533
1.73469388 3.90000010 0.84280235 -2.94521117
1.73469388 4.00000000 0.82891256 -2.88202906
1.73469388 4.09999990 0.81486499 -2.81863880
1.93877554 0.10000000 1.00000000 -3.93877554
1.93877554 0.20000000 1.00000000 -3.93877554
1.93877554 0.30000001 1.00000000 -3.93877554
1.93877554 0.39999998 1.00000000 -3.93877554
1.93877554 0.50000000 1.00000000 -3.93877554
1.93877554 0.60000002 1.00000000 -3.93877554
1.93877554 0.69999993 0.99999994 -3.93877506
1.93877554 0.79999995 0.99999923 -3.93877101
1.93877554 0.89999998 0.99999660 -3.93875551
1.93877554 0.99999988 0.99998611 -3.93869281
1.93877554 1.10000002 0.99995762 -3.93852425
1.93877554 1.20000005 0.99990022 -3.93818331
1.93877554 1.29999995 0.99978048 -3.93747401
1.93877554 1.39999998 0.99957913 -3.93628216
1.93877554 1.49999988 0.99925786 -3.93438220
1.93877554 1.60000002 0.99877876 -3.93155956
1.93877554 1.70000005 0.99809837 -3.92755747
1.93877554 1.79999995 0.99714816 -3.92198873
1.93877554 1.89999986 0.99593222 -3.91488171
1.93877554 2.00000000 0.99435741 -3.90571642
1.93877554 2.09999990 0.99243629 -3.89459848
1.93877554 2.20000005 0.99007845 -3.88102317
1.93877554 2.29999995 0.98717999 -3.86440301
1.93877554 2.39999986 0.98398650 -3.84622622
1.93877554 2.49999976 0.98014903 -3.82454538
1.93877554 2.59999990 0.97576118 -3.79991293
1.93877554 2.70000005 0.97086614 -3.77261591
1.93877554 2.79999995 0.96533126 -3.74206686
1.93877554 2.89999986 0.95917195 -3.70832515
1.93877554 2.99999976 0.95237029 -3.67137909
1.93877554 3.09999990 0.94512093 -3.63239384
1.93877554 3.20000005 0.93703848 -3.58932424
1.93877554 3.29999995 0.92851400 -3.54435730
1.93877554 3.40000010 0.91932720 -3.49640059
1.93877554 3.50000000 0.90954214 -3.44578195
1.93877554 3.59999990 0.89923698 -3.39309454
1.93877554 3.69999957 0.88827366 -3.33763623
1.93877554 3.79999995 0.87691462 -3.28074288
1.93877554 3.90000010 0.86493576 -3.22144747
1.93877554 4.00000000 0.85281366 -3.16212749
1.93877554 4.09999990 0.84007311 -3.10027671
2.14285707 0.10000000 1.00000000 -4.14285707
2.14285707 0.20000000 1.00000000 -4.14285707
2.14285707 0.30000001 1.00000000 -4.14285707
2.14285707 0.39999998 1.00000000 -4.14285707
2.14285707 0.50000000 1.00000000 -4.14285707
2.14285707 0.60000002 1.00000000 -4.14285707
2.14285707 0.69999993 1.00000000 -4.14285707
2.14285707 0.79999995 0.99999946 -4.14285374
2.14285707 0.89999998 0.99999785 -4.14284372
2.14285707 0.99999988 0.99999076 -4.14280033
2.14285707 1.10000002 0.99997187 -4.14268446
2.14285707 1.20000005 0.99992645 -4.14240551
2.14285707 1.29999995 0.99984366 -4.14189768
2.14285707 1.39999998 0.99968272 -4.14091206
2.14285707 1.49999988 0.99943715 -4.13940954
2.14285707 1.60000002 0.99906254 -4.13711977
2.14285707 1.70000005 0.99850035 -4.13369036
2.14285707 1.79999995 0.99774593 -4.12910461
2.14285707 1.89999986 0.99674970 -4.12305832
2.14285707 2.00000000 0.99545771 -4.11524582
2.14285707 2.09999990 0.99387985 -4.10575676
2.14285707 2.20000005 0.99188524 -4.09379244
2.14285707 2.29999995 0.98953050 -4.07973480
2.14285707 2.39999986 0.98671299 -4.06301117
2.14285707 2.49999976 0.98351061 -4.04413223
2.14285707 2.59999990 0.97976762 -4.02214050
2.14285707 2.70000005 0.97557622 -3.99771595
2.14285707 2.79999995 0.97084826 -3.97031832
2.14285707 2.89999986 0.96558356 -3.94008923
2.14285707 2.99999976 0.95979488 -3.90707040
2.14285707 3.09999990 0.95341194 -3.87095475
2.14285707 3.20000005 0.94653636 -3.83233571
2.14285707 3.29999995 0.93905014 -3.79065895
2.14285707 3.40000010 0.93104392 -3.74655700
2.14285707 3.50000000 0.92250115 -3.69981027
2.14285707 3.59999990 0.91357893 -3.65147519
2.14285707 3.69999957 0.90387833 -3.59944129
2.14285707 3.79999995 0.89393228 -3.54657817
2.14285707 3.90000010 0.88340724 -3.49110818
2.14285707 4.00000000 0.87244618 -3.43412352
2.14285707 4.09999990 0.86134040 -3.37669826
2.34693885 0.10000000 1.00000000 -4.34693909
2.34693885 0.20000000 1.00000000 -4.34693909
2.34693885 0.30000001 1.00000000 -4.34693909
2.34693885 0.39999998 1.00000000 -4.34693909
2.34693885 0.50000000 1.00000000 -4.34693909
2.34693885 0.60000002 1.00000000 -4.34693909
2.34693885 0.69999993 1.00000000 -4.34693909
2.34693885 0.79999995 0.99999976 -4.34693766
2.34693885 0.89999998 0.99999797 -4.34692621
2.34693885 0.99999988 0.99999338 -4.34689713
2.34693885 1.10000002 0.99997991 -4.34681129
2.34693885 1.20000005 0.99994761 -4.34660673
2.34693885 1.29999995 0.99988526 -4.34621096
2.34693885 1.39999998 0.99976516 -4.34545040
2.34693885 1.49999988 0.99957770 -4.34426403
2.34693885 1.60000002 0.99928004 -4.34238195
2.34693885 1.70000005 0.99883646 -4.33958054
2.34693885 1.79999995 0.99822074 -4.33570337
2.34693885 1.89999986 0.99739808 -4.33053255
2.34693885 2.00000000 0.99635899 -4.32402611
2.34693885 2.09999990 0.99499172 -4.31547737
2.34693885 2.20000005 0.99333936 -4.30518961
2.34693885 2.29999995 0.99136764 -4.29295826
2.34693885 2.39999986 0.98899847 -4.27835131
2.34693885 2.49999976 0.98622578 -4.26128626
2.34693885 2.59999990 0.98306489 -4.24197292
2.34693885 2.70000005 0.97950023 -4.22030592
2.34693885 2.79999995 0.97539896 -4.19550848
2.34693885 2.89999986 0.97084606 -4.16814899
2.34693885 2.99999976 0.96583152 -4.13823938
2.34693885 3.09999990 0.96028709 -4.10538483
2.34693885 3.20000005 0.95433110 -4.07034540
2.34693885 3.29999995 0.94774878 -4.03191757
2.34693885 3.40000010 0.94073176 -3.99117231
2.34693885 3.50000000 0.93320966 -3.94795871
2.34693885 3.59999990 0.92508805 -3.90164709
2.34693885 3.69999957 0.91695350 -3.85558844
2.34693885 3.79999995 0.90801233 -3.80536699
2.34693885 3.90000010 0.89851803 -3.75252271
2.34693885 4.00000000 0.88899916 -3.70003486
2.34693885 4.09999990 0.87890285 -3.64481688
2.55102038 0.10000000 1.00000000 -4.55102062
2.55102038 0.20000000 1.00000000 -4.55102062
2.55102038 0.30000001 1.00000000 -4.55102062
2.55102038 0.39999998 1.00000000 -4.55102062
2.55102038 0.50000000 1.00000000 -4.55102062
2.55102038 0.60000002 1.00000000 -4.55102062
2.55102038 0.69999993 1.00000000 -4.55102062
2.55102038 0.79999995 0.99999982 -4.55101967
2.55102038 0.89999998 0.99999917 -4.55101490
2.55102038 0.99999988 0.99999601 -4.55099440
2.55102038 1.10000002 0.99998719 -4.55093670
2.55102038 1.20000005 0.99996269 -4.55077600
2.55102038 1.29999995 0.99991512 -4.55046463
2.55102038 1.39999998 0.99982536 -4.54987764
2.55102038 1.49999988 0.99967229 -4.54887629
2.55102038 1.60000002 0.99943680 -4.54733849
2.55102038 1.70000005 0.99908853 -4.54506540
2.55102038 1.79999995 0.99857998 -4.54175472
2.55102038 1.89999986 0.99790299 -4.53735304
2.55102038 2.00000000 0.99703044 -4.53169632
2.55102038 2.09999990 0.99592996 -4.52456903
2.55102038 2.20000005 0.99455094 -4.51568604
2.55102038 2.29999995 0.99288040 -4.50493336
2.55102038 2.39999986 0.99084753 -4.49192476
2.55102038 2.49999976 0.98847568 -4.47678804
2.55102038 2.59999990 0.98573375 -4.45937109
2.55102038 2.70000005 0.98264283 -4.43984556
2.55102038 2.79999995 0.97913921 -4.41781187
2.55102038 2.89999986 0.97520030 -4.39310741
2.55102038 2.99999976 0.97086507 -4.36613846
2.55102038 3.09999990 0.96598023 -4.33592987
2.55102038 3.20000005 0.96069992 -4.30349970
2.55102038 3.29999995 0.95501918 -4.26880598
2.55102038 3.40000010 0.94882852 -4.23123407
2.55102038 3.50000000 0.94226247 -4.19155359
2.55102038 3.59999990 0.93519545 -4.14941931
2.55102038 3.69999957 0.92763788 -4.10446024
2.55102038 3.79999995 0.91979659 -4.05815029
2.55102038 3.90000010 0.91152936 -4.00985956
2.55102038 4.00000000 0.90269750 -3.95857930
2.55102038 4.09999990 0.89371634 -3.90673113
2.75510216 0.10000000 1.00000000 -4.75510216
2.75510216 0.20000000 1.00000000 -4.75510216
2.75510216 0.30000001 1.00000000 -4.75510216
2.75510216 0.39999998 1.00000000 -4.75510216
2.75510216 0.50000000 1.00000000 -4.75510216
2.75510216 0.60000002 1.00000000 -4.75510216
2.75510216 0.69999993 1.00000000 -4.75510216
2.75510216 0.79999995 0.99999994 -4.75510168
2.75510216 0.89999998 0.99999934 -4.75509787
2.75510216 0.99999988 0.99999732 -4.75508404
2.75510216 1.10000002 0.99999017 -4.75503540
2.75510216 1.20000005 0.99997330 -4.75492191
2.75510216 1.29999995 0.99993974 -4.75469542
2.75510216 1.39999998 0.99987078 -4.75422955
2.75510216 1.49999988 0.99975324 -4.75343704
2.75510216 1.60000002 0.99955988 -4.75213480
2.75510216 1.70000005 0.99928427 -4.75027800
2.75510216 1.79999995 0.99888223 -4.74757481
2.75510216 1.89999986 0.99834251 -4.74394941
2.75510216 2.00000000 0.99759412 -4.73893309
2.75510216 2.09999990 0.99665701 -4.73266411
2.75510216 2.20000005 0.99548888 -4.72487259
2.75510216 2.29999995 0.99408346 -4.71552515
2.75510216 2.39999986 0.99238580 -4.70426655
2.75510216 2.49999976 0.99032670 -4.69064760
2.75510216 2.59999990 0.98800111 -4.67532539
2.75510216 2.70000005 0.98533279 -4.65781879
2.75510216 2.79999995 0.98228580 -4.63792515
2.75510216 2.89999986 0.97883141 -4.61551666
2.75510216 2.99999976 0.97503161 -4.59089041
2.75510216 3.09999990 0.97079587 -4.56357336
2.75510216 3.20000005 0.96620524 -4.53425789
2.75510216 3.29999995 0.96108544 -4.50162792
2.75510216 3.40000010 0.95575720 -4.46789169
2.75510216 3.50000000 0.94985759 -4.43077135
2.75510216 3.59999990 0.94364971 -4.39196682
2.75510216 3.69999957 0.93697584 -4.35049295
2.75510216 3.79999995 0.92982805 -4.30635500
2.75510216 3.90000010 0.92239028 -4.26073694
2.75510216 4.00000000 0.91462582 -4.21347284
2.75510216 4.09999990 0.90647662 -4.16424036
2.95918369 0.10000000 1.00000000 -4.95918369
2.95918369 0.20000000 1.00000000 -4.95918369
2.95918369 0.30000001 1.00000000 -4.95918369
2.95918369 0.39999998 1.00000000 -4.95918369
2.95918369 0.50000000 1.00000000 -4.95918369
2.95918369 0.60000002 1.00000000 -4.95918369
2.95918369 0.69999993 1.00000000 -4.95918369
2.95918369 0.79999995 0.99999994 -4.95918369
2.95918369 0.89999998 0.99999952 -4.95918036
2.95918369 0.99999988 0.99999839 -4.95917225
2.95918369 1.10000002 0.99999440 -4.95914507
2.95918369 1.20000005 0.99998248 -4.95906162
2.95918369 1.29999995 0.99995404 -4.95886374
2.95918369 1.39999998 0.99990308 -4.95850945
2.95918369 1.49999988 0.99981171 -4.95787477
2.95918369 1.60000002 0.99966431 -4.95685053
2.95918369 1.70000005 0.99944401 -4.95532084
2.95918369 1.79999995 0.99911052 -4.95300817
2.95918369 1.89999986 0.99865407 -4.94984674
2.95918369 2.00000000 0.99804282 -4.94561768
2.95918369 2.09999990 0.99729729 -4.94046783
2.95918369 2.20000005 0.99627370 -4.93341875
2.95918369 2.29999995 0.99506533 -4.92511654
2.95918369 2.39999986 0.99364895 -4.91540623
2.95918369 2.49999976 0.99188745 -4.90335941
2.95918369 2.59999990 0.98985654 -4.88951874
2.95918369 2.70000005 0.98754025 -4.87378216
2.95918369 2.79999995 0.98484236 -4.85553741
2.95918369 2.89999986 0.98188359 -4.83558750
2.95918369 2.99999976 0.97859424 -4.81351185
2.95918369 3.09999990 0.97481000 -4.78823805
2.95918369 3.20000005 0.97078365 -4.76144218
2.95918369 3.29999995 0.96631217 -4.73185587
2.95918369 3.40000010 0.96154708 -4.70053148
2.95918369 3.50000000 0.95633453 -4.66632891
2.95918369 3.59999990 0.95068955 -4.62954473
2.95918369 3.69999957 0.94471902 -4.59089804
2.95918369 3.79999995 0.93840021 -4.55021811
2.95918369 3.90000010 0.93169039 -4.50728750
2.95918369 4.00000000 0.92476135 -4.46324205
2.95918369 4.09999990 0.91737235 -4.41646385
3.16326523 0.10000000 1.00000000 -5.16326523
3.16326523 0.20000000 1.00000000 -5.16326523
3.16326523 0.30000001 1.00000000 -5.16326523
3.16326523 0.39999998 1.00000000 -5.16326523
3.16326523 0.50000000 1.00000000 -5.16326523
3.16326523 0.60000002 1.00000000 -5.16326523
3.16326523 0.69999993 1.00000000 -5.16326523
3.16326523 0.79999995 0.99999994 -5.16326523
3.16326523 0.89999998 0.99999982 -5.16326380
3.16326523 0.99999988 0.99999893 -5.16325760
3.16326523 1.10000002 0.99999589 -5.16323566
3.16326523 1.20000005 0.99998719 -5.16317368
3.16326523 1.29999995 0.99996758 -5.16303301
3.16326523 1.39999998 0.99992877 -5.16275501
3.16326523 1.49999988 0.99985915 -5.16225672
3.16326523 1.60000002 0.99974024 -5.16140604
3.16326523 1.70000005 0.99955237 -5.16006327
3.16326523 1.79999995 0.99929130 -5.15819836
3.16326523 1.89999986 0.99892777 -5.15560293
3.16326523 2.00000000 0.99842310 -5.15200758
3.16326523 2.09999990 0.99775541 -5.14725971
3.16326523 2.20000005 0.99694425 -5.14149046
3.16326523 2.29999995 0.99591780 -5.13420820
3.16326523 2.39999986 0.99466801 -5.12535667
3.16326523 2.49999976 0.99320495 -5.11503363
3.16326523 2.59999990 0.99140972 -5.10239172
3.16326523 2.70000005 0.98943275 -5.08852816
3.16326523 2.79999995 0.98715419 -5.07256126
3.16326523 2.89999986 0.98452806 -5.05425787
3.16326523 2.99999976 0.98154408 -5.03351402
3.16326523 3.09999990 0.97828400 -5.01097631
3.16326523 3.20000005 0.97461903 -4.98568630
3.16326523 3.29999995 0.97072417 -4.95899296
3.16326523 3.40000010 0.96638882 -4.92938757
3.16326523 3.50000000 0.96174002 -4.89775801
3.16326523 3.59999990 0.95677924 -4.86420918
3.16326523 3.69999957 0.95143390 -4.82817888
3.16326523 3.79999995 0.94581699 -4.79055786
3.16326523 3.90000010 0.93981797 -4.75056124
3.16326523 4.00000000 0.93344092 -4.70829725
3.16326523 4.09999990 0.92683995 -4.66481066
3.36734700 0.10000000 1.00000000 -5.36734676
3.36734700 0.20000000 1.00000000 -5.36734676
3.36734700 0.30000001 1.00000000 -5.36734676
3.36734700 0.39999998 1.00000000 -5.36734676
3.36734700 0.50000000 1.00000000 -5.36734676
3.36734700 0.60000002 1.00000000 -5.36734676
3.36734700 0.69999993 1.00000000 -5.36734676
3.36734700 0.79999995 0.99999994 -5.36734676
3.36734700 0.89999998 0.99999970 -5.36734486
3.36734700 0.99999988 0.99999946 -5.36734295
3.36734700 1.10000002 0.99999654 -5.36732101
3.36734700 1.20000005 0.99999112 -5.36728144
3.36734700 1.29999995 0.99997640 -5.36717319
3.36734700 1.39999998 0.99994791 -5.36696339
3.36734700 1.49999988 0.99989206 -5.36655188
3.36734700 1.60000002 0.99979824 -5.36586094
3.36734700 1.70000005 0.99965245 -5.36478949
3.36734700 1.79999995 0.99944329 -5.36325169
3.36734700 1.89999986 0.99912691 -5.36092710
3.36734700 2.00000000 0.99872017 -5.35794115
3.36734700 2.09999990 0.99818218 -5.35400105
3.36734700 2.20000005 0.99749696 -5.34898186
3.36734700 2.29999995 0.99661243 -5.34251785
3.36734700 2.39999986 0.99551493 -5.33450985
3.36734700 2.49999976 0.99428064 -5.32553482
3.36734700 2.59999990 0.99272519 -5.31423759
3.36734700 2.70000005 0.99097854 -5.30158329
3.36734700 2.79999995 0.98896867 -5.28704929
3.36734700 2.89999986 0.98672789 -5.27090549
3.36734700 2.99999976 0.98409402 -5.25200748
3.36734700 3.09999990 0.98125845 -5.23171377
3.36734700 3.20000005 0.97792882 -5.20794725
3.36734700 3.29999995 0.97449458 -5.18359518
3.36734700 3.40000010 0.97059101 -5.15596342
3.36734700 3.50000000 0.96649712 -5.12714911
3.36734700 3.59999990 0.96209466 -5.09619761
3.36734700 3.69999957 0.95732725 -5.06294012
3.36734700 3.79999995 0.95213157 -5.02683592
3.36734700 3.90000010 0.94678676 -4.98984957
3.36734700 4.00000000 0.94096810 -4.94981337
3.36734700 4.09999990 0.93498772 -4.90878153
3.57142854 0.10000000 1.00000000 -5.57142830
3.57142854 0.20000000 1.00000000 -5.57142830
3.57142854 0.30000001 1.00000000 -5.57142830
3.57142854 0.39999998 1.00000000 -5.57142830
3.57142854 0.50000000 1.00000000 -5.57142830
3.57142854 0.60000002 1.00000000 -5.57142830
3.57142854 0.69999993 1.00000000 -5.57142830
3.57142854 0.79999995 1.00000000 -5.57142830
3.57142854 0.89999998 0.99999994 -5.57142782
3.57142854 0.99999988 0.99999940 -5.57142353
3.57142854 1.10000002 0.99999785 -5.57141209
3.57142854 1.20000005 0.99999321 -5.57137728
3.57142854 1.29999995 0.99998254 -5.57129622
3.57142854 1.39999998 0.99996096 -5.57113266
3.57142854 1.49999988 0.99991894 -5.57081461
3.57142854 1.60000002 0.99984384 -5.57024622
3.57142854 1.70000005 0.99972826 -5.56937265
3.57142854 1.79999995 0.99955267 -5.56804514
3.57142854 1.89999986 0.99930608 -5.56618118
3.57142854 2.00000000 0.99896985 -5.56364155
3.57142854 2.09999990 0.99850786 -5.56015873
3.57142854 2.20000005 0.99792850 -5.55579710
3.57142854 2.29999995 0.99714893 -5.54993534
3.57142854 2.39999986 0.99624401 -5.54313755
3.57142854 2.49999976 0.99516022 -5.53501034
3.57142854 2.59999990 0.99382502 -5.52501535
3.57142854 2.70000005 0.99233109 -5.51387119
3.57142854 2.79999995 0.99055105 -5.50060320
3.57142854 2.89999986 0.98853368 -5.48562145
3.57142854 2.99999976 0.98623741 -5.46860409
3.57142854 3.09999990 0.98369586 -5.44983149
3.57142854 3.20000005 0.98086077 -5.42896271
3.57142854 3.29999995 0.97780210 -5.40653467
3.57142854 3.40000010 0.97438329 -5.38149786
3.57142854 3.50000000 0.97059572 -5.35393524
3.57142854 3.59999990 0.96660215 -5.32493782
3.57142854 3.69999957 0.96229392 -5.29380655
3.57142854 3.79999995 0.95779967 -5.26141739
3.57142854 3.90000010 0.95283407 -5.22582054
3.57142854 4.00000000 0.94762427 -5.18863344
3.57142854 4.09999990 0.94212049 -5.14957762
3.77551031 0.10000000 1.00000000 -5.77551031
3.77551031 0.20000000 1.00000000 -5.77551031
3.77551031 0.30000001 1.00000000 -5.77551031
3.77551031 0.39999998 1.00000000 -5.77551031
3.77551031 0.50000000 1.00000000 -5.77551031
3.77551031 0.60000002 1.00000000 -5.77551031
3.77551031 0.69999993 1.00000000 -5.77551031
3.77551031 0.79999995 1.00000000 -5.77551031
3.77551031 0.89999998 0.99999994 -5.77551031
3.77551031 0.99999988 0.99999958 -5.77550745
3.77551031 1.10000002 0.99999821 -5.77549648
3.77551031 1.20000005 0.99999565 -5.77547646
3.77551031 1.29999995 0.99998772 -5.77541447
3.77551031 1.39999998 0.99996883 -5.77526808
3.77551031 1.49999988 0.99993598 -5.77501249
3.77551031 1.60000002 0.99988085 -5.77458382
3.77551031 1.70000005 0.99978703 -5.77385521
3.77551031 1.79999995 0.99964249 -5.77273321
3.77551031 1.89999986 0.99944252 -5.77117968
3.77551031 2.00000000 0.99914765 -5.76889324
3.77551031 2.09999990 0.99876261 -5.76590872
3.77551031 2.20000005 0.99826425 -5.76205015
3.77551031 2.29999995 0.99764448 -5.75725746
3.77551031 2.39999986 0.99685967 -5.75119829
3.77551031 2.49999976 0.99589968 -5.74379444
3.77551031 2.59999990 0.99477386 -5.73512411
3.77551031 2.70000005 0.99340135 -5.72458076
3.77551031 2.79999995 0.99188745 -5.71296453
3.77551031 2.89999986 0.99006432 -5.69901180
3.77551031 2.99999976 0.98810405 -5.68406153
3.77551031 3.09999990 0.98583579 -5.66678762
3.77551031 3.20000005 0.98333681 -5.64781523
3.77551031 3.29999995 0.98055929 -5.62677193
3.77551031 3.40000010 0.97751033 -5.60376740
3.77551031 3.50000000 0.97419733 -5.57885122
3.77551031 3.59999990 0.97058928 -5.55181408
3.77551031 3.69999957 0.96665025 -5.52241039
3.77551031 3.79999995 0.96256906 -5.49202347
3.77551031 3.90000010 0.95809007 -5.45881653
3.77551031 4.00000000 0.95340598 -5.42423630
3.77551031 4.09999990 0.94845688 -5.38780832
3.97959185 0.10000000 1.00000000 -5.97959185
3.97959185 0.20000000 1.00000000 -5.97959185
3.97959185 0.30000001 1.00000000 -5.97959185
3.97959185 0.39999998 1.00000000 -5.97959185
3.97959185 0.50000000 1.00000000 -5.97959185
3.97959185 0.60000002 1.00000000 -5.97959185
3.97959185 0.69999993 1.00000000 -5.97959185
3.97959185 0.79999995 0.99999994 -5.97959137
3.97959185 0.89999998 0.99999994 -5.97959137
3.97959185 0.99999988 0.99999970 -5.97958946
3.97959185 1.10000002 0.99999863 -5.97958088
3.97959185 1.20000005 0.99999690 -5.97956705
3.97959185 1.29999995 0.99999082 -5.97951841
3.97959185 1.39999998 0.99997717 -5.97940969
3.97959185 1.49999988 0.99995100 -5.97920084
3.97959185 1.60000002 0.99990821 -5.97885990
3.97959185 1.70000005 0.99983025 -5.97823811
3.97959185 1.79999995 0.99971360 -5.97730875
3.97959185 1.89999986 0.99954879 -5.97599506
3.97959185 2.00000000 0.99931419 -5.97412586
3.97959185 2.09999990 0.99899018 -5.97154808
3.97959185 2.20000005 0.99856770 -5.96818686
3.97959185 2.29999995 0.99801767 -5.96381760
3.97959185 2.39999986 0.99736714 -5.95865393
3.97959185 2.49999976 0.99652737 -5.95200014
3.97959185 2.59999990 0.99556971 -5.94442272
3.97959185 2.70000005 0.99439573 -5.93513870
3.97959185 2.79999995 0.99303466 -5.92441511
3.97959185 2.89999986 0.99147141 -5.91210175
3.97959185 2.99999976 0.98969251 -5.89813185
3.97959185 3.09999990 0.98771441 -5.88262463
3.97959185 3.20000005 0.98539776 -5.86450052
3.97959185 3.29999995 0.98290843 -5.84511042
3.97959185 3.40000010 0.98027599 -5.82464361
3.97959185 3.50000000 0.97731400 -5.80162334
3.97959185 3.59999990 0.97402185 -5.77619648
3.97959185 3.69999957 0.97051746 -5.74918604
3.97959185 3.79999995 0.96679211 -5.72058773
3.97959185 3.90000010 0.96277457 -5.68982601
3.97959185 4.00000000 0.95851564 -5.65737820
3.97959185 4.09999990 0.95394498 -5.62258720
4.18367338 0.10000000 1.00000000 -6.18367338
4.18367338 0.20000000 1.00000000 -6.18367338
4.18367338 0.30000001 1.00000000 -6.18367338
4.18367338 0.39999998 1.00000000 -6.18367338
4.18367338 0.50000000 1.00000000 -6.18367338
4.18367338 0.60000002 1.00000000 -6.18367338
4.18367338 0.69999993 1.00000000 -6.18367338
4.18367338 0.79999995 1.00000000 -6.18367338
4.18367338 0.89999998 0.99999994 -6.18367290
4.18367338 0.99999988 0.99999976 -6.18367147
4.18367338 1.10000002 0.99999934 -6.18366766
4.18367338 1.20000005 0.99999779 -6.18365526
4.18367338 1.29999995 0.99999326 -6.18361807
4.18367338 1.39999998 0.99998331 -6.18353701
4.18367338 1.49999988 0.99996477 -6.18338490
4.18367338 1.60000002 0.99992573 -6.18306589
4.18367338 1.70000005 0.99986970 -6.18260717
4.18367338 1.79999995 0.99977249 -6.18181324
4.18367338 1.89999986 0.99963480 -6.18068647
4.18367338 2.00000000 0.99943811 -6.17907953
4.18367338 2.09999990 0.99916869 -6.17687893
4.18367338 2.20000005 0.99881363 -6.17398119
4.18367338 2.29999995 0.99835336 -6.17022610
4.18367338 2.39999986 0.99777782 -6.16553879
4.18367338 2.49999976 0.99707872 -6.15985012
4.18367338 2.59999990 0.99621505 -6.15283060
4.18367338 2.70000005 0.99520707 -6.14465284
4.18367338 2.79999995 0.99400824 -6.13493347
4.18367338 2.89999986 0.99263304 -6.12381172
4.18367338 2.99999976 0.99107563 -6.11121750
4.18367338 3.09999990 0.98928583 -6.09682465
4.18367338 3.20000005 0.98731118 -6.08092070
4.18367338 3.29999995 0.98508066 -6.06301355
4.18367338 3.40000010 0.98262650 -6.04339027
4.18367338 3.50000000 0.98002017 -6.02256775
4.18367338 3.59999990 0.97705060 -5.99892282
4.18367338 3.69999957 0.97388273 -5.97376060
4.18367338 3.79999995 0.97047412 -5.94678211
4.18367338 3.90000010 0.96678561 -5.91767263
4.18367338 4.00000000 0.96294761 -5.88751316
4.18367338 4.09999990 0.95884383 -5.85529327
4.38775492 0.10000000 1.00000000 -6.38775492
4.38775492 0.20000000 1.00000000 -6.38775492
4.38775492 0.30000001 1.00000000 -6.38775492
4.38775492 0.39999998 1.00000000 -6.38775492
4.38775492 0.50000000 1.00000000 -6.38775492
4.38775492 0.60000002 1.00000000 -6.38775492
4.38775492 0.69999993 1.00000000 -6.38775492
4.38775492 0.79999995 1.00000000 -6.38775492
4.38775492 0.89999998 1.00000000 -6.38775492
4.38775492 0.99999988 0.99999988 -6.38775396
4.38775492 1.10000002 0.99999952 -6.38775110
4.38775492 1.20000005 0.99999857 -6.38774300
4.38775492 1.29999995 0.99999475 -6.38771105
4.38775492 1.39999998 0.99998742 -6.38764906
4.38775492 1.49999988 0.99997294 -6.38752794
4.38775492 1.60000002 0.99994582 -6.38730049
4.38775492 1.70000005 0.99989516 -6.38687611
4.38775492 1.79999995 0.99981713 -6.38622236
4.38775492 1.89999986 0.99970806 -6.38530779
4.38775492 2.00000000 0.99954873 -6.38397217
4.38775492 2.09999990 0.99931633 -6.38202620
4.38775492 2.20000005 0.99901479 -6.37950373
4.38775492 2.29999995 0.99863112 -6.37629271
4.38775492 2.39999986 0.99812669 -6.37207985
4.38775492 2.49999976 0.99752152 -6.36702490
4.38775492 2.59999990 0.99677509 -6.36080265
4.38775492 2.70000005 0.99590313 -6.35354042
4.38775492 2.79999995 0.99484402 -6.34472895
4.38775492 2.89999986 0.99364465 -6.33476067
4.38775492 2.99999976 0.99223012 -6.32302809
4.38775492 3.09999990 0.99069405 -6.31031609
4.38775492 3.20000005 0.98890001 -6.29551363
4.38775492 3.29999995 0.98694187 -6.27934265
4.38775492 3.40000010 0.98473853 -6.26119232
4.38775492 3.50000000 0.98232967 -6.24143839
4.38775492 3.59999990 0.97970235 -6.21992445
4.38775492 3.69999957 0.97680694 -6.19627142
4.38775492 3.79999995 0.97376633 -6.17149353
4.38775492 3.90000010 0.97048807 -6.14484692
4.38775492 4.00000000 0.96692097 -6.11591625
4.38775492 4.09999990 0.96311808 -6.08519602
4.59183693 0.10000000 1.00000000 -6.59183693
4.59183693 0.20000000 1.00000000 -6.59183693
4.59183693 0.30000001 1.00000000 -6.59183693
4.59183693 0.39999998 1.00000000 -6.59183693
4.59183693 0.50000000 1.00000000 -6.59183693
4.59183693 0.60000002 1.00000000 -6.59183693
4.59183693 0.69999993 1.00000000 -6.59183693
4.59183693 0.79999995 1.00000000 -6.59183693
4.59183693 0.89999998 0.99999994 -6.59183645
4.59183693 0.99999988 0.99999994 -6.59183645
4.59183693 1.10000002 0.99999946 -6.59183216
4.59183693 1.20000005 0.99999911 -6.59182930
4.59183693 1.29999995 0.99999607 -6.59180307
4.59183693 1.39999998 0.99999040 -6.59175444
4.59183693 1.49999988 0.99997783 -6.59164619
4.59183693 1.60000002 0.99995571 -6.59145641
4.59183693 1.70000005 0.99991781 -6.59113073
4.59183693 1.79999995 0.99985904 -6.59062624
4.59183693 1.89999986 0.99976724 -6.58983850
4.59183693 2.00000000 0.99962699 -6.58863401
4.59183693 2.09999990 0.99943519 -6.58698797
4.59183693 2.20000005 0.99918598 -6.58485031
4.59183693 2.29999995 0.99884754 -6.58195066
4.59183693 2.39999986 0.99841970 -6.57828379
4.59183693 2.49999976 0.99789232 -6.57377100
4.59183693 2.59999990 0.99726772 -6.56843138
4.59183693 2.70000005 0.99647796 -6.56167984
4.59183693 2.79999995 0.99559861 -6.55417967
4.59183693 2.89999986 0.99448812 -6.54471493
4.59183693 2.99999976 0.99327356 -6.53438902
4.59183693 3.09999990 0.99184138 -6.52222776
4.59183693 3.20000005 0.99031639 -6.50927210
4.59183693 3.29999995 0.98852736 -6.49412823
4.59183693 3.40000010 0.98655742 -6.47748470
4.59183693 3.50000000 0.98440033 -6.45927954
4.59183693 3.59999990 0.98193032 -6.43851519
4.59183693 3.69999957 0.97945803 -6.41773844
4.59183693 3.79999995 0.97659636 -6.39379120
4.59183693 3.90000010 0.97361237 -6.36885166
4.59183693 4.00000000 0.97038376 -6.34196758
4.59183693 4.09999990 0.96694368 -6.31333208
4.79591846 0.10000000 1.00000000 -6.79591846
4.79591846 0.20000000 1.00000000 -6.79591846
4.79591846 0.30000001 1.00000000 -6.79591846
4.79591846 0.39999998 1.00000000 -6.79591846
4.79591846 0.50000000 1.00000000 -6.79591846
4.79591846 0.60000002 1.00000000 -6.79591846
4.79591846 0.69999993 1.00000000 -6.79591846
4.79591846 0.79999995 1.00000000 -6.79591846
4.79591846 0.89999998 1.00000000 -6.79591846
4.79591846 0.99999988 0.99999994 -6.79591799
4.79591846 1.10000002 0.99999958 -6.79591513
4.79591846 1.20000005 0.99999905 -6.79590988
4.79591846 1.29999995 0.99999720 -6.79589367
4.79591846 1.39999998 0.99999380 -6.79586363
4.79591846 1.49999988 0.99998295 -6.79576826
4.79591846 1.60000002 0.99996603 -6.79561949
4.79591846 1.70000005 0.99993336 -6.79533243
4.79591846 1.79999995 0.99988621 -6.79491758
4.79591846 1.89999986 0.99980450 -6.79419899
4.79591846 2.00000000 0.99970049 -6.79328489
4.79591846 2.09999990 0.99953789 -6.79185724
4.79591846 2.20000005 0.99932384 -6.78997564
4.79591846 2.29999995 0.99904412 -6.78752089
4.79591846 2.39999986 0.99867237 -6.78425932
4.79591846 2.49999976 0.99821419 -6.78024292
4.79591846 2.59999990 0.99765152 -6.77530861
4.79591846 2.70000005 0.99699366 -6.76955366
4.79591846 2.79999995 0.99617350 -6.76238251
4.79591846 2.89999986 0.99525952 -6.75440073
4.79591846 2.99999976 0.99414223 -6.74464989
4.79591846 3.09999990 0.99287570 -6.73361921
4.79591846 3.20000005 0.99147421 -6.72142220
4.79591846 3.29999995 0.98988205 -6.70758867
4.79591846 3.40000010 0.98815131 -6.69257832
4.79591846 3.50000000 0.98619211 -6.67562866
4.79591846 3.59999990 0.98406684 -6.65726519
4.79591846 3.69999957 0.98170424 -6.63690329
4.79591846 3.79999995 0.97915876 -6.61499786
4.79591846 3.90000010 0.97642756 -6.59157801
4.79591846 4.00000000 0.97354198 -6.56685066
4.79591846 4.09999990 0.97036833 -6.53976250
5.00000000 0.10000000 1.00000000 -7.00000000
5.00000000 0.20000000 1.00000000 -7.00000000
5.00000000 0.30000001 1.00000000 -7.00000000
5.00000000 0.39999998 1.00000000 -7.00000000
5.00000000 0.50000000 1.00000000 -7.00000000
5.00000000 0.60000002 1.00000000 -7.00000000
5.00000000 0.69999993 1.00000000 -7.00000000
5.00000000 0.79999995 1.00000000 -7.00000000
5.00000000 0.89999998 1.00000000 -7.00000000
5.00000000 0.99999988 1.00000000 -7.00000000
5.00000000 1.10000002 0.99999976 -6.99999809
5.00000000 1.20000005 0.99999923 -6.99999285
5.00000000 1.29999995 0.99999821 -6.99998379
5.00000000 1.39999998 0.99999505 -6.99995518
5.00000000 1.49999988 0.99998826 -6.99989462
5.00000000 1.60000002 0.99997455 -6.99977112
5.00000000 1.70000005 0.99995005 -6.99955082
5.00000000 1.79999995 0.99990958 -6.99918652
5.00000000 1.89999986 0.99984640 -6.99861765
5.00000000 2.00000000 0.99975240 -6.99777269
5.00000000 2.09999990 0.99962211 -6.99660110
5.00000000 2.20000005 0.99943489 -6.99491787
5.00000000 2.29999995 0.99919426 -6.99275541
5.00000000 2.39999986 0.99888629 -6.98999166
5.00000000 2.49999976 0.99847817 -6.98632765
5.00000000 2.59999990 0.99800116 -6.98204708
5.00000000 2.70000005 0.99741930 -6.97682762
5.00000000 2.79999995 0.99669796 -6.97037315
5.00000000 2.89999986 0.99586833 -6.96295357
5.00000000 2.99999976 0.99492109 -6.95448446
5.00000000 3.09999990 0.99378484 -6.94433594
5.00000000 3.20000005 0.99254620 -6.93328524
5.00000000 3.29999995 0.99114275 -6.92080498
5.00000000 3.40000010 0.98954785 -6.90663099
5.00000000 3.50000000 0.98776275 -6.89077616
5.00000000 3.59999990 0.98587525 -6.87404346
5.00000000 3.69999957 0.98371857 -6.85498285
5.00000000 3.79999995 0.98145002 -6.83496475
5.00000000 3.90000010 0.97886300 -6.81217623
5.00000000 4.00000000 0.97621125 -6.78886175
5.00000000 4.09999990 0.97332817 -6.76357365
