-0.50000000 2.00000000 -0.96849853 -2.37133932
-0.49000001 2.00000000 -0.96803737 -2.36000180
-0.47999999 2.00000000 -0.96758026 -2.34865570
-0.47000000 2.00000000 -0.96717364 -2.33754802
-0.46000001 2.00000000 -0.96660346 -2.32579947
-0.44999999 2.00000000 -0.96604031 -2.31411242
-0.44000000 2.00000000 -0.96557242 -2.30279231
-0.43000001 2.00000000 -0.96499717 -2.29109859
-0.41999999 2.00000000 -0.96452904 -2.27982354
-0.41000000 2.00000000 -0.96388638 -2.26793408
-0.40000001 2.00000000 -0.96339530 -2.25655961
-0.38999999 2.00000000 -0.96263987 -2.24433541
-0.38000000 2.00000000 -0.96229631 -2.23358059
-0.37000000 2.00000000 -0.96155363 -2.22141123
-0.36000001 2.00000000 -0.96093833 -2.20971012
-0.34999999 2.00000000 -0.96018839 -2.19766116
-0.34000000 2.00000000 -0.95955068 -2.18586326
-0.33000001 2.00000000 -0.95890051 -2.17415118
-0.31999999 2.00000000 -0.95816368 -2.16218781
-0.31000000 2.00000000 -0.95754838 -2.15061855
-0.30000001 2.00000000 -0.95662320 -2.13803506
-0.28999999 2.00000000 -0.95588964 -2.12612319
-0.28000000 2.00000000 -0.95517147 -2.11422873
-0.27000001 2.00000000 -0.95437300 -2.10227537
-0.25999999 2.00000000 -0.95357162 -2.09022093
-0.25000000 2.00000000 -0.95258850 -2.07763624
-0.23999999 2.00000000 -0.95174450 -2.06560326
-0.23000000 2.00000000 -0.95088315 -2.05355096
-0.22000000 2.00000000 -0.94997740 -2.04136014
-0.20999999 2.00000000 -0.94901907 -2.02904367
-0.20000000 2.00000000 -0.94794279 -2.01643777
-0.19000000 2.00000000 -0.94684106 -2.00374746
-0.18000001 2.00000000 -0.94588953 -1.99156642
-0.17000000 2.00000000 -0.94468135 -1.97888911
-0.16000000 2.00000000 -0.94340205 -1.96578038
-0.15000001 2.00000000 -0.94220459 -1.95306444
-0.14000000 2.00000000 -0.94079065 -1.93994403
-0.13000000 2.00000000 -0.93952399 -1.92725348
-0.12000000 2.00000000 -0.93818390 -1.91433918
-0.11000000 2.00000000 -0.93672580 -1.90122724
-0.10000000 2.00000000 -0.93514049 -1.88788402
-0.09000000 2.00000000 -0.93335241 -1.87419295
-0.08000000 2.00000000 -0.93165034 -1.86106801
-0.07000000 2.00000000 -0.92988598 -1.84733057
-0.06000000 2.00000000 -0.92772812 -1.83323824
-0.05000000 2.00000000 -0.92548996 -1.81915951
-0.04000000 2.00000000 -0.92328113 -1.80525792
-0.03000000 2.00000000 -0.92050868 -1.79037964
-0.02000000 2.00000000 -0.91816586 -1.77644491
-0.01000000 2.00000000 -0.91519427 -1.76121497
0.00000000 2.00000000 -0.91122466 -1.74564433
0.01000000 2.00000000 -0.90728992 -1.72984004
0.02000000 2.00000000 -0.90050405 -1.71182096
0.03000000 2.00000000 -0.69130731 -1.69182539
0.04000000 2.00000000 0.88652974 -1.79783237
0.05000000 2.00000000 0.92569524 -1.81952226
0.06000000 2.00000000 0.92796397 -1.83372819
0.07000000 2.00000000 0.93000853 -1.84758568
0.08000000 2.00000000 0.93165231 -1.86085892
0.09000000 2.00000000 0.93321460 -1.87399888
0.10000000 2.00000000 0.93508339 -1.88788331
0.11000000 2.00000000 0.93677568 -1.90141928
0.12000000 2.00000000 0.93807876 -1.91409779
0.13000000 2.00000000 0.93957019 -1.92725980
0.14000000 2.00000000 0.94097316 -1.94042885
0.15000001 2.00000000 0.94228309 -1.95337892
0.16000000 2.00000000 0.94353491 -1.96619546
0.17000000 2.00000000 0.94466251 -1.97866595
0.18000001 2.00000000 0.94581860 -1.99138153
0.19000000 2.00000000 0.94685447 -2.00376725
0.20000000 2.00000000 0.94804507 -2.01678085
0.20999999 2.00000000 0.94890124 -2.02870202
0.22000000 2.00000000 0.94980258 -2.04079366
0.23000000 2.00000000 0.95080823 -2.05325007
0.23999999 2.00000000 0.95177704 -2.06565666
0.25000000 2.00000000 0.95257127 -2.07771230
0.25999999 2.00000000 0.95359164 -2.09027219
0.27000001 2.00000000 0.95445532 -2.10252953
0.28000000 2.00000000 0.95523083 -2.11446834
0.28999999 2.00000000 0.95594263 -2.12629700
0.30000001 2.00000000 0.95680702 -2.13858867
0.31000000 2.00000000 0.95751238 -2.15038323
0.31999999 2.00000000 0.95821059 -2.16223359
0.33000001 2.00000000 0.95896363 -2.17428184
0.34000000 2.00000000 0.95954561 -2.18593431
0.34999999 2.00000000 0.96018487 -2.19759965
0.36000001 2.00000000 0.96098310 -2.20981383
0.37000000 2.00000000 0.96152753 -2.22129536
0.38000000 2.00000000 0.96215165 -2.23308873
0.38999999 2.00000000 0.96272087 -2.24461794
0.40000001 2.00000000 0.96338409 -2.25654554
0.41000000 2.00000000 0.96392453 -2.26802588
0.41999999 2.00000000 0.96457607 -2.27996993
0.43000001 2.00000000 0.96500862 -2.29110694
0.44000000 2.00000000 0.96550065 -2.30251384
0.44999999 2.00000000 0.96602786 -2.31410193
0.46000001 2.00000000 0.96662694 -2.32586432
0.47000000 2.00000000 0.96714193 -2.33743310
0.47999999 2.00000000 0.96754277 -2.34856296
0.49000001 2.00000000 0.96807337 -2.36019373
0.50000000 2.00000000 0.96845788 -2.37126660
0.49000001 2.00000000 0.96810931 -2.36033440
0.47999999 2.00000000 0.96762842 -2.34881234
0.47000000 2.00000000 0.96706033 -2.33710504
0.46000001 2.00000000 0.96657586 -2.32568717
0.44999999 2.00000000 0.96607643 -2.31417155
0.44000000 2.00000000 0.96549612 -2.30255008
0.43000001 2.00000000 0.96499676 -2.29105234
0.41999999 2.00000000 0.96443439 -2.27945447
0.41000000 2.00000000 0.96384794 -2.26772881
0.40000001 2.00000000 0.96338785 -2.25653386
0.38999999 2.00000000 0.96275789 -2.24471331
0.38000000 2.00000000 0.96216542 -2.23301673
0.37000000 2.00000000 0.96158087 -2.22154546
0.36000001 2.00000000 0.96092504 -2.20964622
0.34999999 2.00000000 0.96040130 -2.19829965
0.34000000 2.00000000 0.95957929 -2.18592119
0.33000001 2.00000000 0.95902044 -2.17452455
0.31999999 2.00000000 0.95823997 -2.16235614
0.31000000 2.00000000 0.95754123 -2.15050960
0.30000001 2.00000000 0.95676416 -2.13854527
0.28999999 2.00000000 0.95596045 -2.12640405
0.28000000 2.00000000 0.95515865 -2.11423016
0.27000001 2.00000000 0.95440662 -2.10245109
0.25999999 2.00000000 0.95354611 -2.09017825
0.25000000 2.00000000 0.95269793 -2.07808208
0.23999999 2.00000000 0.95178086 -2.06573868
0.23000000 2.00000000 0.95093459 -2.05369282
0.22000000 2.00000000 0.94987917 -2.04093647
0.20999999 2.00000000 0.94892466 -2.02874851
0.20000000 2.00000000 0.94796324 -2.01643825
0.19000000 2.00000000 0.94686341 -2.00370407
0.18000001 2.00000000 0.94574809 -1.99112093
0.17000000 2.00000000 0.94455475 -1.97833753
0.16000000 2.00000000 0.94351441 -1.96609807
0.15000001 2.00000000 0.94217891 -1.95304859
0.14000000 2.00000000 0.94101501 -1.94058454
0.13000000 2.00000000 0.93959129 -1.92739713
0.12000000 2.00000000 0.93813336 -1.91424918
0.11000000 2.00000000 0.93662781 -1.90097833
0.10000000 2.00000000 0.93508464 -1.88777995
0.09000000 2.00000000 0.93335325 -1.87430882
0.08000000 2.00000000 0.93161869 -1.86071587
0.07000000 2.00000000 0.92991298 -1.84748459
0.06000000 2.00000000 0.92811012 -1.83405542
0.05000000 2.00000000 0.92552733 -1.81910336
0.04000000 2.00000000 0.92324728 -1.80517328
0.03000000 2.00000000 0.92091072 -1.79119301
0.02000000 2.00000000 0.91811472 -1.77619421
0.01000000 2.00000000 0.91477805 -1.76063776
0.00000000 2.00000000 0.91067559 -1.74470615
-0.01000000 2.00000000 0.90764254 -1.73022950
-0.02000000 2.00000000 0.90198863 -1.71285331
-0.03000000 2.00000000 0.85433996 -1.69140089
-0.04000000 2.00000000 -0.70604604 -1.77745688
-0.05000000 2.00000000 -0.92578590 -1.81981993
-0.06000000 2.00000000 -0.92779738 -1.83347142
-0.07000000 2.00000000 -0.93022841 -1.84817207
-0.08000000 2.00000000 -0.93166679 -1.86106217
-0.09000000 2.00000000 -0.93347985 -1.87477136
-0.10000000 2.00000000 -0.93516254 -1.88795233
-0.11000000 2.00000000 -0.93667382 -1.90099514
-0.12000000 2.00000000 -0.93811971 -1.91415071
-0.13000000 2.00000000 -0.93960148 -1.92749918
-0.14000000 2.00000000 -0.94103348 -1.94066048
-0.15000001 2.00000000 -0.94226354 -1.95330226
-0.16000000 2.00000000 -0.94353169 -1.96613324
-0.17000000 2.00000000 -0.94461983 -1.97855496
-0.18000001 2.00000000 -0.94563025 -1.99086618
-0.19000000 2.00000000 -0.94689918 -2.00390887
-0.20000000 2.00000000 -0.94804370 -2.01666355
-0.20999999 2.00000000 -0.94894999 -2.02883744
-0.22000000 2.00000000 -0.94987315 -2.04093647
-0.23000000 2.00000000 -0.95086151 -2.05348492
-0.23999999 2.00000000 -0.95181084 -2.06579828
-0.25000000 2.00000000 -0.95269883 -2.07803035
-0.25999999 2.00000000 -0.95360672 -2.09041977
-0.27000001 2.00000000 -0.95445573 -2.10245419
-0.28000000 2.00000000 -0.95505154 -2.11391830
-0.28999999 2.00000000 -0.95596898 -2.12634492
-0.30000001 2.00000000 -0.95675522 -2.13840342
-0.31000000 2.00000000 -0.95746022 -2.15022802
-0.31999999 2.00000000 -0.95818156 -2.16221547
-0.33000001 2.00000000 -0.95881706 -2.17385364
-0.34000000 2.00000000 -0.95961553 -2.18603206
-0.34999999 2.00000000 -0.96023357 -2.19776869
-0.36000001 2.00000000 -0.96082938 -2.20929408
-0.37000000 2.00000000 -0.96166694 -2.22173071
-0.38000000 2.00000000 -0.96219194 -2.23314905
-0.38999999 2.00000000 -0.96272552 -2.24464440
-0.40000001 2.00000000 -0.96340197 -2.25659680
-0.41000000 2.00000000 -0.96388972 -2.26798058
-0.41999999 2.00000000 -0.96450067 -2.27968764
-0.43000001 2.00000000 -0.96506184 -2.29133654
-0.44000000 2.00000000 -0.96553618 -2.30269861
-0.44999999 2.00000000 -0.96609491 -2.31432724
-0.46000001 2.00000000 -0.96662152 -2.32589817
-0.47000000 2.00000000 -0.96707368 -2.33720684
-0.47999999 2.00000000 -0.96758288 -2.34868431
-0.49000001 2.00000000 -0.96809161 -2.36025310
-0.50000000 2.00000000 -0.96850896 -2.37144852
