0.10000000 0.10000000 1.00000000 -2.09999990
0.10000000 0.30000001 1.00000000 -2.09999990
0.10000000 0.50000000 0.99999994 -2.09999967
0.10000000 0.69999999 0.99998391 -2.09993410
0.10000000 0.89999998 0.99976540 -2.09904671
0.10000000 1.10000002 0.99872214 -2.09488392
0.10000000 1.29999995 0.99566162 -2.08300638
0.10000000 1.50000000 0.98887062 -2.05776072
0.10000000 1.70000005 0.97570604 -2.01201820
0.10000000 1.90000010 0.95247918 -1.93829763
0.10000000 2.09999990 0.91237116 -1.82687879
0.10000000 2.29999995 0.84225088 -1.66448486
0.10000000 2.50000024 0.72398835 -1.44722617
0.10000000 2.70000029 0.56128258 -1.21037936
0.10000000 2.90000010 0.40253577 -1.01205134
0.10000000 3.09999990 0.28993100 -0.87339413
0.10000000 3.29999995 0.21885329 -0.77700442
0.10000000 3.50000000 0.17103854 -0.70424169
0.10000000 3.70000029 0.13782679 -0.64641041
0.10000000 3.90000010 0.11525507 -0.60017884
0.10000000 4.09999990 0.09782111 -0.56099689
0.10000000 4.30000019 0.08526645 -0.52696306
0.10000000 4.50000000 0.07448135 -0.49774775
0.10000000 4.70000029 0.06682812 -0.47207525
0.10000000 4.90000010 0.05977863 -0.44832906
0.10000000 5.09999990 0.05425238 -0.42765197
0.10000000 5.30000067 0.04975317 -0.40917489
0.10000000 5.50000000 0.04572009 -0.39176488
0.10000000 5.69999981 0.04236417 -0.37640634
0.10000000 5.90000010 0.03943674 -0.36199206
0.10000000 6.09999990 0.03671802 -0.34882334
0.10000000 6.30000067 0.03444876 -0.33602446
0.10000000 6.50000000 0.03248068 -0.32523897
0.10000000 6.69999981 0.03082806 -0.31427947
0.10000000 6.90000010 0.02901035 -0.30385050
0.10000000 7.09999990 0.02752106 -0.29496157
0.10000000 7.30000067 0.02610468 -0.28638366
0.10000000 7.50000000 0.02495596 -0.27838495
0.10000000 7.69999981 0.02393780 -0.27060953
0.10000000 7.90000010 0.02304892 -0.26339462
0.10000000 8.10000038 0.02176309 -0.25654632
0.10000000 8.30000019 0.02092883 -0.24974650
0.10000000 8.50000000 0.02018277 -0.24325094
0.10000000 8.69999981 0.01963797 -0.23722808
0.10000000 8.89999962 0.01876227 -0.23196955
0.10000000 9.10000038 0.01806174 -0.22636653
0.10000000 9.30000019 0.01755493 -0.22168458
0.10000000 9.50000000 0.01700330 -0.21671119
0.10000000 9.70000076 0.01642258 -0.21231981
0.10000000 9.89999962 0.01599970 -0.20735650
0.10000000 10.10000038 0.01537103 -0.20308246
0.10000000 10.30000019 0.01506528 -0.19908643
0.10000000 10.50000095 0.01456647 -0.19495842
0.10000000 10.69999981 0.01416296 -0.19196293
0.10000000 10.89999962 0.01392526 -0.18806233
0.10000000 11.10000038 0.01338232 -0.18446469
0.10000000 11.30000019 0.01307352 -0.18107328
0.10000000 11.50000095 0.01282327 -0.17745383
0.10000000 11.69999981 0.01242148 -0.17438266
0.10000000 11.89999962 0.01214780 -0.17132245
0.10000000 12.10000038 0.01186240 -0.16860086
0.10000000 12.30000019 0.01154587 -0.16567284
0.10000000 12.50000095 0.01139935 -0.16291155
0.10000000 12.69999981 0.01105798 -0.16057858
0.10000000 12.89999962 0.01082486 -0.15789169
0.10000000 13.10000038 0.01070258 -0.15523884
0.10000000 13.30000019 0.01043793 -0.15330057
0.10000000 13.50000095 0.01018323 -0.15093856
0.10000000 13.69999981 0.00994550 -0.14796367
0.10000000 13.89999962 0.00981885 -0.14593275
0.10000000 14.10000038 0.00961560 -0.14404298
0.10000000 14.30000019 0.00937097 -0.14226326
0.10000000 14.50000095 0.00931509 -0.14003070
0.10000000 14.69999981 0.00919565 -0.13859706
0.10000000 14.89999962 0.00900284 -0.13660835
0.10000000 15.10000038 0.00884122 -0.13463321
0.10000000 15.30000019 0.00866397 -0.13280024
0.10000000 15.50000095 0.00853339 -0.13070466
0.10000000 15.69999981 0.00839517 -0.12929979
0.10000000 15.89999962 0.00815787 -0.12763561
0.10000000 16.10000038 0.00823129 -0.12584546
0.10000000 16.29999924 0.00797107 -0.12416832
0.10000000 16.50000191 0.00789520 -0.12288114
0.10000000 16.70000076 0.00773798 -0.12140411
0.10000000 16.89999962 0.00754337 -0.12008441
0.10000000 17.10000038 0.00745126 -0.11854304
0.10000000 17.29999924 0.00738492 -0.11804373
0.10000000 17.50000191 0.00731177 -0.11607761
0.10000000 17.70000076 0.00718250 -0.11453050
0.10000000 17.89999962 0.00712943 -0.11331145
0.10000000 18.10000038 0.00700217 -0.11178640
0.10000000 18.29999924 0.00692511 -0.11049360
0.10000000 18.50000191 0.00671793 -0.10908823
0.10000000 18.70000076 0.00668332 -0.10827582
0.10000000 18.89999962 0.00660736 -0.10685495
0.10000000 19.10000038 0.00654724 -0.10616729
0.10000000 19.30000114 0.00646954 -0.10464805
0.10000000 19.50000191 0.00634399 -0.10357226
0.10000000 19.70000076 0.00630075 -0.10251624
0.10000000 19.89999962 0.00627673 -0.10186211
0.10000000 20.10000038 0.00610721 -0.10052539
