-5.00000000 0.10000000 -1.00000000 -7.00000000
-5.00000000 0.20000000 -1.00000000 -7.00000000
-5.00000000 0.30000001 -1.00000000 -7.00000000
-5.00000000 0.39999998 -1.00000000 -7.00000000
-5.00000000 0.50000000 -1.00000000 -7.00000000
-5.00000000 0.60000002 -1.00000000 -7.00000000
-5.00000000 0.69999993 -1.00000000 -7.00000000
-5.00000000 0.79999995 -1.00000000 -7.00000000
-5.00000000 0.89999998 -1.00000000 -7.00000000
-5.00000000 0.99999988 -1.00000000 -6.99999952
-5.00000000 1.10000002 -0.99999982 -6.99999857
-5.00000000 1.20000005 -0.99999940 -6.99999428
-5.00000000 1.29999995 -0.99999809 -6.99998283
-5.00000000 1.39999998 -0.99999487 -6.99995375
-5.00000000 1.49999988 -0.99998760 -6.99988842
-5.00000000 1.60000002 -0.99997413 -6.99976730
-5.00000000 1.70000005 -0.99994928 -6.99954319
-5.00000000 1.79999995 -0.99990886 -6.99917984
-5.00000000 1.89999986 -0.99984670 -6.99862051
-5.00000000 2.00000000 -0.99975169 -6.99776602
-5.00000000 2.09999990 -0.99961859 -6.99656963
-5.00000000 2.20000005 -0.99943835 -6.99494934
-5.00000000 2.29999995 -0.99919587 -6.99277020
-5.00000000 2.39999986 -0.99888283 -6.98995829
-5.00000000 2.49999976 -0.99849373 -6.98646593
-5.00000000 2.59999990 -0.99800521 -6.98208380
-5.00000000 2.70000005 -0.99741107 -6.97675800
-5.00000000 2.79999995 -0.99670810 -6.97046232
-5.00000000 2.89999986 -0.99587643 -6.96302128
-5.00000000 2.99999976 -0.99491823 -6.95445824
-5.00000000 3.09999990 -0.99380589 -6.94452906
-5.00000000 3.20000005 -0.99255073 -6.93333769
-5.00000000 3.29999995 -0.99111831 -6.92058468
-5.00000000 3.40000010 -0.98954254 -6.90657568
-5.00000000 3.50000000 -0.98777395 -6.89088106
-5.00000000 3.59999990 -0.98584527 -6.87379217
-5.00000000 3.69999957 -0.98373485 -6.85513067
-5.00000000 3.79999995 -0.98141110 -6.83461618
-5.00000000 3.90000010 -0.97892427 -6.81270933
-5.00000000 4.00000000 -0.97623110 -6.78903627
-5.00000000 4.09999990 -0.97334933 -6.76376390
-4.79591846 0.10000000 -1.00000000 -6.79591846
-4.79591846 0.20000000 -1.00000000 -6.79591846
-4.79591846 0.30000001 -1.00000000 -6.79591846
-4.79591846 0.39999998 -1.00000000 -6.79591846
-4.79591846 0.50000000 -1.00000000 -6.79591846
-4.79591846 0.60000002 -1.00000000 -6.79591846
-4.79591846 0.69999993 -1.00000000 -6.79591846
-4.79591846 0.79999995 -1.00000000 -6.79591846
-4.79591846 0.89999998 -1.00000000 -6.79591846
-4.79591846 0.99999988 -1.00000000 -6.79591846
-4.79591846 1.10000002 -0.99999976 -6.79591656
-4.79591846 1.20000005 -0.99999905 -6.79591036
-4.79591846 1.29999995 -0.99999726 -6.79589462
-4.79591846 1.39999998 -0.99999285 -6.79585552
-4.79591846 1.49999988 -0.99998379 -6.79577589
-4.79591846 1.60000002 -0.99996644 -6.79562378
-4.79591846 1.70000005 -0.99993575 -6.79535341
-4.79591846 1.79999995 -0.99988586 -6.79491472
-4.79591846 1.89999986 -0.99980927 -6.79424143
-4.79591846 2.00000000 -0.99969691 -6.79325342
-4.79591846 2.09999990 -0.99953741 -6.79185247
-4.79591846 2.20000005 -0.99931997 -6.78994274
-4.79591846 2.29999995 -0.99903905 -6.78747654
-4.79591846 2.39999986 -0.99867547 -6.78428650
-4.79591846 2.49999976 -0.99822110 -6.78030252
-4.79591846 2.59999990 -0.99765706 -6.77536106
-4.79591846 2.70000005 -0.99698603 -6.76948643
-4.79591846 2.79999995 -0.99618077 -6.76244450
-4.79591846 2.89999986 -0.99523789 -6.75420952
-4.79591846 2.99999976 -0.99415058 -6.74472332
-4.79591846 3.09999990 -0.99290597 -6.73387861
-4.79591846 3.20000005 -0.99149221 -6.72158146
-4.79591846 3.29999995 -0.98991126 -6.70784712
-4.79591846 3.40000010 -0.98814225 -6.69250822
-4.79591846 3.50000000 -0.98619348 -6.67564154
-4.79591846 3.59999990 -0.98405188 -6.65713882
-4.79591846 3.69999957 -0.98170763 -6.63692760
-4.79591846 3.79999995 -0.97916412 -6.61504793
-4.79591846 3.90000010 -0.97643030 -6.59158039
-4.79591846 4.00000000 -0.97348440 -6.56634760
-4.79591846 4.09999990 -0.97034669 -6.53954840
-4.59183693 0.10000000 -1.00000000 -6.59183693
-4.59183693 0.20000000 -1.00000000 -6.59183693
-4.59183693 0.30000001 -1.00000000 -6.59183693
-4.59183693 0.39999998 -1.00000000 -6.59183693
-4.59183693 0.50000000 -1.00000000 -6.59183693
-4.59183693 0.60000002 -1.00000000 -6.59183693
-4.59183693 0.69999993 -1.00000000 -6.59183693
-4.59183693 0.79999995 -1.00000000 -6.59183693
-4.59183693 0.89999998 -1.00000000 -6.59183693
-4.59183693 0.99999988 -0.99999994 -6.59183645
-4.59183693 1.10000002 -0.99999964 -6.59183359
-4.59183693 1.20000005 -0.99999887 -6.59182739
-4.59183693 1.29999995 -0.99999636 -6.59180546
-4.59183693 1.39999998 -0.99999070 -6.59175682
-4.59183693 1.49999988 -0.99997884 -6.59165525
-4.59183693 1.60000002 -0.99995661 -6.59146404
-4.59183693 1.70000005 -0.99991894 -6.59114075
-4.59183693 1.79999995 -0.99985683 -6.59060764
-4.59183693 1.89999986 -0.99976283 -6.58979988
-4.59183693 2.00000000 -0.99962676 -6.58863211
-4.59183693 2.09999990 -0.99943733 -6.58700705
-4.59183693 2.20000005 -0.99918318 -6.58482695
-4.59183693 2.29999995 -0.99885076 -6.58197737
-4.59183693 2.39999986 -0.99842119 -6.57829857
-4.59183693 2.49999976 -0.99789834 -6.57382345
-4.59183693 2.59999990 -0.99725807 -6.56834888
-4.59183693 2.70000005 -0.99648196 -6.56171846
-4.59183693 2.79999995 -0.99556160 -6.55386448
-4.59183693 2.89999986 -0.99449563 -6.54478121
-4.59183693 2.99999976 -0.99327004 -6.53435230
-4.59183693 3.09999990 -0.99186736 -6.52243519
-4.59183693 3.20000005 -0.99028021 -6.50897026
-4.59183693 3.29999995 -0.98851901 -6.49405813
-4.59183693 3.40000010 -0.98653358 -6.47728205
-4.59183693 3.50000000 -0.98437357 -6.45905972
-4.59183693 3.59999990 -0.98200405 -6.43911743
-4.59183693 3.69999957 -0.97942293 -6.41744709
-4.59183693 3.79999995 -0.97663224 -6.39407206
-4.59183693 3.90000010 -0.97361869 -6.36888218
-4.59183693 4.00000000 -0.97039676 -6.34203148
-4.59183693 4.09999990 -0.96694356 -6.31333590
-4.38775492 0.10000000 -1.00000000 -6.38775492
-4.38775492 0.20000000 -1.00000000 -6.38775492
-4.38775492 0.30000001 -1.00000000 -6.38775492
-4.38775492 0.39999998 -1.00000000 -6.38775492
-4.38775492 0.50000000 -1.00000000 -6.38775492
-4.38775492 0.60000002 -1.00000000 -6.38775492
-4.38775492 0.69999993 -1.00000000 -6.38775492
-4.38775492 0.79999995 -1.00000000 -6.38775492
-4.38775492 0.89999998 -1.00000000 -6.38775492
-4.38775492 0.99999988 -0.99999988 -6.38775396
-4.38775492 1.10000002 -0.99999952 -6.38775110
-4.38775492 1.20000005 -0.99999827 -6.38774014
-4.38775492 1.29999995 -0.99999505 -6.38771343
-4.38775492 1.39999998 -0.99998766 -6.38765144
-4.38775492 1.49999988 -0.99997199 -6.38751984
-4.38775492 1.60000002 -0.99994415 -6.38728666
-4.38775492 1.70000005 -0.99989593 -6.38688183
-4.38775492 1.79999995 -0.99981970 -6.38624287
-4.38775492 1.89999986 -0.99970639 -6.38529348
-4.38775492 2.00000000 -0.99954093 -6.38390732
-4.38775492 2.09999990 -0.99931562 -6.38202095
-4.38775492 2.20000005 -0.99901372 -6.37949371
-4.38775492 2.29999995 -0.99862313 -6.37622690
-4.38775492 2.39999986 -0.99812710 -6.37208271
-4.38775492 2.49999976 -0.99752003 -6.36701345
-4.38775492 2.59999990 -0.99677527 -6.36080170
-4.38775492 2.70000005 -0.99589545 -6.35347319
-4.38775492 2.79999995 -0.99484712 -6.34475088
-4.38775492 2.89999986 -0.99363804 -6.33470774
-4.38775492 2.99999976 -0.99225122 -6.32320547
-4.38775492 3.09999990 -0.99067026 -6.31011724
-4.38775492 3.20000005 -0.98890007 -6.29548740
-4.38775492 3.29999995 -0.98691833 -6.27914810
-4.38775492 3.40000010 -0.98472220 -6.26107216
-4.38775492 3.50000000 -0.98231143 -6.24127960
-4.38775492 3.59999990 -0.97968668 -6.21978331
-4.38775492 3.69999957 -0.97683263 -6.19646311
-4.38775492 3.79999995 -0.97374707 -6.17132664
-4.38775492 3.90000010 -0.97043580 -6.14442301
-4.38775492 4.00000000 -0.96689820 -6.11575556
-4.38775492 4.09999990 -0.96313751 -6.08537340
-4.18367338 0.10000000 -1.00000000 -6.18367338
-4.18367338 0.20000000 -1.00000000 -6.18367338
-4.18367338 0.30000001 -1.00000000 -6.18367338
-4.18367338 0.39999998 -1.00000000 -6.18367338
-4.18367338 0.50000000 -1.00000000 -6.18367338
-4.18367338 0.60000002 -1.00000000 -6.18367338
-4.18367338 0.69999993 -1.00000000 -6.18367338
-4.18367338 0.79999995 -1.00000000 -6.18367338
-4.18367338 0.89999998 -1.00000000 -6.18367338
-4.18367338 0.99999988 -0.99999988 -6.18367243
-4.18367338 1.10000002 -0.99999923 -6.18366671
-4.18367338 1.20000005 -0.99999744 -6.18365240
-4.18367338 1.29999995 -0.99999297 -6.18361616
-4.18367338 1.39999998 -0.99998343 -6.18353748
-4.18367338 1.49999988 -0.99996370 -6.18337631
-4.18367338 1.60000002 -0.99992770 -6.18308210
-4.18367338 1.70000005 -0.99986815 -6.18259478
-4.18367338 1.79999995 -0.99977446 -6.18182898
-4.18367338 1.89999986 -0.99963635 -6.18069983
-4.18367338 2.00000000 -0.99943829 -6.17908096
-4.18367338 2.09999990 -0.99916720 -6.17686749
-4.18367338 2.20000005 -0.99881023 -6.17395449
-4.18367338 2.29999995 -0.99835014 -6.17020178
-4.18367338 2.39999986 -0.99777478 -6.16551447
-4.18367338 2.49999976 -0.99707258 -6.15980005
-4.18367338 2.59999990 -0.99621445 -6.15282536
-4.18367338 2.70000005 -0.99519819 -6.14457750
-4.18367338 2.79999995 -0.99400914 -6.13494015
-4.18367338 2.89999986 -0.99263746 -6.12384272
-4.18367338 2.99999976 -0.99107158 -6.11119556
-4.18367338 3.09999990 -0.98928881 -6.09683037
-4.18367338 3.20000005 -0.98729193 -6.08076668
-4.18367338 3.29999995 -0.98508865 -6.06308842
-4.18367338 3.40000010 -0.98264790 -6.04355574
-4.18367338 3.50000000 -0.97997397 -6.02220631
-4.18367338 3.59999990 -0.97704518 -5.99889040
-4.18367338 3.69999957 -0.97389364 -5.97386122
-4.18367338 3.79999995 -0.97049123 -5.94692898
-4.18367338 3.90000010 -0.96683955 -5.91811132
-4.18367338 4.00000000 -0.96295756 -5.88757753
-4.18367338 4.09999990 -0.95879877 -5.85496140
-3.97959185 0.10000000 -1.00000000 -5.97959185
-3.97959185 0.20000000 -1.00000000 -5.97959185
-3.97959185 0.30000001 -1.00000000 -5.97959185
-3.97959185 0.39999998 -1.00000000 -5.97959185
-3.97959185 0.50000000 -1.00000000 -5.97959185
-3.97959185 0.60000002 -1.00000000 -5.97959185
-3.97959185 0.69999993 -1.00000000 -5.97959185
-3.97959185 0.79999995 -1.00000000 -5.97959185
-3.97959185 0.89999998 -0.99999994 -5.97959137
-3.97959185 0.99999988 -0.99999976 -5.97958994
-3.97959185 1.10000002 -0.99999899 -5.97958374
-3.97959185 1.20000005 -0.99999660 -5.97956467
-3.97959185 1.29999995 -0.99999076 -5.97951794
-3.97959185 1.39999998 -0.99997741 -5.97941160
-3.97959185 1.49999988 -0.99995244 -5.97921228
-3.97959185 1.60000002 -0.99990648 -5.97884607
-3.97959185 1.70000005 -0.99983180 -5.97825050
-3.97959185 1.79999995 -0.99971616 -5.97732830
-3.97959185 1.89999986 -0.99954832 -5.97599125
-3.97959185 2.00000000 -0.99930918 -5.97408676
-3.97959185 2.09999990 -0.99898952 -5.97154236
-3.97959185 2.20000005 -0.99856472 -5.96816397
-3.97959185 2.29999995 -0.99802870 -5.96390486
-3.97959185 2.39999986 -0.99735564 -5.95856524
-3.97959185 2.49999976 -0.99653482 -5.95205879
-3.97959185 2.59999990 -0.99555588 -5.94430923
-3.97959185 2.70000005 -0.99438709 -5.93507290
-3.97959185 2.79999995 -0.99302948 -5.92436695
-3.97959185 2.89999986 -0.99146694 -5.91206789
-3.97959185 2.99999976 -0.98969603 -5.89815617
-3.97959185 3.09999990 -0.98769802 -5.88249588
-3.97959185 3.20000005 -0.98546404 -5.86502552
-3.97959185 3.29999995 -0.98297274 -5.84559441
-3.97959185 3.40000010 -0.98025125 -5.82443237
-3.97959185 3.50000000 -0.97727352 -5.80133915
-3.97959185 3.59999990 -0.97403777 -5.77632523
-3.97959185 3.69999957 -0.97053659 -5.74935150
-3.97959185 3.79999995 -0.96677911 -5.72048473
-3.97959185 3.90000010 -0.96276337 -5.68974304
-3.97959185 4.00000000 -0.95847648 -5.65703917
-3.97959185 4.09999990 -0.95395041 -5.62263632
-3.77551031 0.10000000 -1.00000000 -5.77551031
-3.77551031 0.20000000 -1.00000000 -5.77551031
-3.77551031 0.30000001 -1.00000000 -5.77551031
-3.77551031 0.39999998 -1.00000000 -5.77551031
-3.77551031 0.50000000 -1.00000000 -5.77551031
-3.77551031 0.60000002 -1.00000000 -5.77551031
-3.77551031 0.69999993 -1.00000000 -5.77551031
-3.77551031 0.79999995 -1.00000000 -5.77551031
-3.77551031 0.89999998 -0.99999994 -5.77550983
-3.77551031 0.99999988 -0.99999970 -5.77550793
-3.77551031 1.10000002 -0.99999857 -5.77549934
-3.77551031 1.20000005 -0.99999529 -5.77547359
-3.77551031 1.29999995 -0.99998724 -5.77541113
-3.77551031 1.39999998 -0.99997014 -5.77527809
-3.77551031 1.49999988 -0.99993747 -5.77502394
-3.77551031 1.60000002 -0.99987924 -5.77457190
-3.77551031 1.70000005 -0.99978632 -5.77384949
-3.77551031 1.79999995 -0.99964488 -5.77275133
-3.77551031 1.89999986 -0.99943757 -5.77114248
-3.77551031 2.00000000 -0.99915051 -5.76891565
-3.77551031 2.09999990 -0.99876773 -5.76594877
-3.77551031 2.20000005 -0.99826521 -5.76205921
-3.77551031 2.29999995 -0.99763280 -5.75716782
-3.77551031 2.39999986 -0.99685264 -5.75114250
-3.77551031 2.49999976 -0.99590373 -5.74382401
-3.77551031 2.59999990 -0.99477333 -5.73512030
-3.77551031 2.70000005 -0.99343610 -5.72484589
-3.77551031 2.79999995 -0.99189341 -5.71301413
-3.77551031 2.89999986 -0.99010795 -5.69935131
-3.77551031 2.99999976 -0.98810464 -5.68405771
-3.77551031 3.09999990 -0.98583359 -5.66676950
-3.77551031 3.20000005 -0.98333877 -5.64782143
-3.77551031 3.29999995 -0.98055351 -5.62674093
-3.77551031 3.40000010 -0.97750843 -5.60376120
-3.77551031 3.50000000 -0.97418714 -5.57877541
-3.77551031 3.59999990 -0.97059590 -5.55185509
-3.77551031 3.69999957 -0.96672469 -5.52293777
-3.77551031 3.79999995 -0.96256274 -5.49195433
-3.77551031 3.90000010 -0.95812964 -5.45909357
-3.77551031 4.00000000 -0.95341063 -5.42423248
-3.77551031 4.09999990 -0.94845128 -5.38776731
-3.57142854 0.10000000 -1.00000000 -5.57142830
-3.57142854 0.20000000 -1.00000000 -5.57142830
-3.57142854 0.30000001 -1.00000000 -5.57142830
-3.57142854 0.39999998 -1.00000000 -5.57142830
-3.57142854 0.50000000 -1.00000000 -5.57142830
-3.57142854 0.60000002 -1.00000000 -5.57142830
-3.57142854 0.69999993 -1.00000000 -5.57142830
-3.57142854 0.79999995 -1.00000000 -5.57142830
-3.57142854 0.89999998 -0.99999988 -5.57142735
-3.57142854 0.99999988 -0.99999946 -5.57142448
-3.57142854 1.10000002 -0.99999803 -5.57141352
-3.57142854 1.20000005 -0.99999344 -5.57137871
-3.57142854 1.29999995 -0.99998283 -5.57129860
-3.57142854 1.39999998 -0.99995971 -5.57112360
-3.57142854 1.49999988 -0.99991721 -5.57080173
-3.57142854 1.60000002 -0.99984455 -5.57025194
-3.57142854 1.70000005 -0.99972761 -5.56936741
-3.57142854 1.79999995 -0.99955338 -5.56805134
-3.57142854 1.89999986 -0.99930310 -5.56616020
-3.57142854 2.00000000 -0.99895597 -5.56353998
-3.57142854 2.09999990 -0.99850041 -5.56010485
-3.57142854 2.20000005 -0.99791074 -5.55566263
-3.57142854 2.29999995 -0.99716765 -5.55007362
-3.57142854 2.39999986 -0.99624747 -5.54316425
-3.57142854 2.49999976 -0.99514705 -5.53491306
-3.57142854 2.59999990 -0.99384475 -5.52517033
-3.57142854 2.70000005 -0.99231505 -5.51375008
-3.57142854 2.79999995 -0.99054366 -5.50055742
-3.57142854 2.89999986 -0.98852485 -5.48555851
-3.57142854 2.99999976 -0.98624396 -5.46866274
-3.57142854 3.09999990 -0.98369950 -5.44987059
-3.57142854 3.20000005 -0.98086381 -5.42899084
-3.57142854 3.29999995 -0.97775358 -5.40616560
-3.57142854 3.40000010 -0.97434515 -5.38123417
-3.57142854 3.50000000 -0.97063237 -5.35418940
-3.57142854 3.59999990 -0.96663463 -5.32516718
-3.57142854 3.69999957 -0.96233863 -5.29412270
-3.57142854 3.79999995 -0.95771533 -5.26082897
-3.57142854 3.90000010 -0.95284212 -5.22589111
-3.57142854 4.00000000 -0.94763041 -5.18870306
-3.57142854 4.09999990 -0.94218034 -5.14996624
-3.36734700 0.10000000 -1.00000000 -5.36734676
-3.36734700 0.20000000 -1.00000000 -5.36734676
-3.36734700 0.30000001 -1.00000000 -5.36734676
-3.36734700 0.39999998 -1.00000000 -5.36734676
-3.36734700 0.50000000 -1.00000000 -5.36734676
-3.36734700 0.60000002 -1.00000000 -5.36734676
-3.36734700 0.69999993 -1.00000000 -5.36734676
-3.36734700 0.79999995 -1.00000000 -5.36734676
-3.36734700 0.89999998 -0.99999982 -5.36734581
-3.36734700 0.99999988 -0.99999917 -5.36734056
-3.36734700 1.10000002 -0.99999696 -5.36732435
-3.36734700 1.20000005 -0.99999058 -5.36727762
-3.36734700 1.29999995 -0.99997586 -5.36716890
-3.36734700 1.39999998 -0.99994665 -5.36695433
-3.36734700 1.49999988 -0.99989176 -5.36654997
-3.36734700 1.60000002 -0.99979895 -5.36586666
-3.36734700 1.70000005 -0.99965364 -5.36479759
-3.36734700 1.79999995 -0.99943697 -5.36320496
-3.36734700 1.89999986 -0.99913251 -5.36096811
-3.36734700 2.00000000 -0.99871749 -5.35792255
-3.36734700 2.09999990 -0.99816644 -5.35388279
-3.36734700 2.20000005 -0.99747312 -5.34880877
-3.36734700 2.29999995 -0.99659741 -5.34240961
-3.36734700 2.39999986 -0.99553502 -5.33465767
-3.36734700 2.49999976 -0.99425304 -5.32532740
-3.36734700 2.59999990 -0.99274719 -5.31439018
-3.36734700 2.70000005 -0.99098337 -5.30161524
-3.36734700 2.79999995 -0.98896205 -5.28701115
-3.36734700 2.89999986 -0.98666060 -5.27042913
-3.36734700 2.99999976 -0.98408210 -5.25191879
-3.36734700 3.09999990 -0.98119116 -5.23123407
-3.36734700 3.20000005 -0.97799295 -5.20843363
-3.36734700 3.29999995 -0.97451037 -5.18370056
-3.36734700 3.40000010 -0.97066861 -5.15650940
-3.36734700 3.50000000 -0.96653628 -5.12739182
-3.36734700 3.59999990 -0.96209139 -5.09621620
-3.36734700 3.69999957 -0.95728761 -5.06267452
-3.36734700 3.79999995 -0.95219016 -5.02723026
-3.36734700 3.90000010 -0.94677097 -4.98974466
-3.36734700 4.00000000 -0.94104731 -4.95033407
-3.36734700 4.09999990 -0.93501151 -4.90899134
-3.16326523 0.10000000 -1.00000000 -5.16326523
-3.16326523 0.20000000 -1.00000000 -5.16326523
-3.16326523 0.30000001 -1.00000000 -5.16326523
-3.16326523 0.39999998 -1.00000000 -5.16326523
-3.16326523 0.50000000 -1.00000000 -5.16326523
-3.16326523 0.60000002 -1.00000000 -5.16326523
-3.16326523 0.69999993 -1.00000000 -5.16326523
-3.16326523 0.79999995 -1.00000000 -5.16326523
-3.16326523 0.89999998 -0.99999976 -5.16326380
-3.16326523 0.99999988 -0.99999893 -5.16325760
-3.16326523 1.10000002 -0.99999547 -5.16323280
-3.16326523 1.20000005 -0.99998730 -5.16317415
-3.16326523 1.29999995 -0.99996704 -5.16302919
-3.16326523 1.39999998 -0.99992853 -5.16275311
-3.16326523 1.49999988 -0.99985754 -5.16224527
-3.16326523 1.60000002 -0.99973994 -5.16140413
-3.16326523 1.70000005 -0.99955958 -5.16011429
-3.16326523 1.79999995 -0.99929208 -5.15820313
-3.16326523 1.89999986 -0.99892253 -5.15556574
-3.16326523 2.00000000 -0.99842489 -5.15201807
-3.16326523 2.09999990 -0.99776793 -5.14734316
-3.16326523 2.20000005 -0.99694043 -5.14146185
-3.16326523 2.29999995 -0.99590951 -5.13415146
-3.16326523 2.39999986 -0.99466830 -5.12536526
-3.16326523 2.49999976 -0.99317658 -5.11483622
-3.16326523 2.59999990 -0.99143952 -5.10261011
-3.16326523 2.70000005 -0.98940748 -5.08833981
-3.16326523 2.79999995 -0.98709339 -5.07215071
-3.16326523 2.89999986 -0.98447746 -5.05390453
-3.16326523 2.99999976 -0.98154140 -5.03350401
-3.16326523 3.09999990 -0.97827643 -5.01091337
-3.16326523 3.20000005 -0.97466403 -4.98601675
-3.16326523 3.29999995 -0.97072178 -4.95895243
-3.16326523 3.40000010 -0.96644515 -4.92974138
-3.16326523 3.50000000 -0.96182162 -4.89828300
-3.16326523 3.59999990 -0.95683533 -4.86454868
-3.16326523 3.69999957 -0.95149136 -4.82857656
-3.16326523 3.79999995 -0.94580638 -4.79048729
-3.16326523 3.90000010 -0.93980753 -4.75052404
-3.16326523 4.00000000 -0.93348843 -4.70866919
-3.16326523 4.09999990 -0.92678964 -4.66450596
-2.95918369 0.10000000 -1.00000000 -4.95918369
-2.95918369 0.20000000 -1.00000000 -4.95918369
-2.95918369 0.30000001 -1.00000000 -4.95918369
-2.95918369 0.39999998 -1.00000000 -4.95918369
-2.95918369 0.50000000 -1.00000000 -4.95918369
-2.95918369 0.60000002 -1.00000000 -4.95918369
-2.95918369 0.69999993 -1.00000000 -4.95918369
-2.95918369 0.79999995 -0.99999994 -4.95918322
-2.95918369 0.89999998 -0.99999964 -4.95918131
-2.95918369 0.99999988 -0.99999815 -4.95917082
-2.95918369 1.10000002 -0.99999356 -4.95913887
-2.95918369 1.20000005 -0.99998182 -4.95905733
-2.95918369 1.29999995 -0.99995506 -4.95887136
-2.95918369 1.39999998 -0.99990308 -4.95850945
-2.95918369 1.49999988 -0.99981266 -4.95788097
-2.95918369 1.60000002 -0.99966502 -4.95685530
-2.95918369 1.70000005 -0.99943805 -4.95527935
-2.95918369 1.79999995 -0.99911147 -4.95301485
-2.95918369 1.89999986 -0.99865818 -4.94987535
-2.95918369 2.00000000 -0.99805266 -4.94568682
-2.95918369 2.09999990 -0.99727333 -4.94030666
-2.95918369 2.20000005 -0.99629658 -4.93357611
-2.95918369 2.29999995 -0.99508500 -4.92524862
-2.95918369 2.39999986 -0.99362600 -4.91524410
-2.95918369 2.49999976 -0.99189657 -4.90342093
-2.95918369 2.59999990 -0.98987800 -4.88966990
-2.95918369 2.70000005 -0.98754781 -4.87384081
-2.95918369 2.79999995 -0.98488796 -4.85584593
-2.95918369 2.89999986 -0.98190892 -4.83576536
-2.95918369 2.99999976 -0.97855926 -4.81328392
-2.95918369 3.09999990 -0.97484022 -4.78843307
-2.95918369 3.20000005 -0.97077006 -4.76136065
-2.95918369 3.29999995 -0.96630770 -4.73184204
-2.95918369 3.40000010 -0.96147597 -4.70001841
-2.95918369 3.50000000 -0.95628822 -4.66602850
-2.95918369 3.59999990 -0.95070297 -4.62964630
-2.95918369 3.69999957 -0.94477272 -4.59123945
-2.95918369 3.79999995 -0.93844718 -4.55052328
-2.95918369 3.90000010 -0.93178415 -4.50788736
-2.95918369 4.00000000 -0.92474949 -4.46312237
-2.95918369 4.09999990 -0.91737437 -4.41651392
-2.75510216 0.10000000 -1.00000000 -4.75510216
-2.75510216 0.20000000 -1.00000000 -4.75510216
-2.75510216 0.30000001 -1.00000000 -4.75510216
-2.75510216 0.39999998 -1.00000000 -4.75510216
-2.75510216 0.50000000 -1.00000000 -4.75510216
-2.75510216 0.60000002 -1.00000000 -4.75510216
-2.75510216 0.69999993 -1.00000000 -4.75510216
-2.75510216 0.79999995 -0.99999994 -4.75510168
-2.75510216 0.89999998 -0.99999940 -4.75509787
-2.75510216 0.99999988 -0.99999744 -4.75508451
-2.75510216 1.10000002 -0.99999088 -4.75504065
-2.75510216 1.20000005 -0.99997419 -4.75492811
-2.75510216 1.29999995 -0.99993813 -4.75468397
-2.75510216 1.39999998 -0.99987143 -4.75423431
-2.75510216 1.49999988 -0.99975359 -4.75343943
-2.75510216 1.60000002 -0.99956644 -4.75217772
-2.75510216 1.70000005 -0.99928343 -4.75027323
-2.75510216 1.79999995 -0.99887997 -4.74755859
-2.75510216 1.89999986 -0.99832731 -4.74384832
-2.75510216 2.00000000 -0.99759746 -4.73895645
-2.75510216 2.09999990 -0.99666995 -4.73275280
-2.75510216 2.20000005 -0.99550790 -4.72500086
-2.75510216 2.29999995 -0.99407786 -4.71548557
-2.75510216 2.39999986 -0.99237680 -4.70420313
-2.75510216 2.49999976 -0.99035543 -4.69084120
-2.75510216 2.59999990 -0.98801345 -4.67541742
-2.75510216 2.70000005 -0.98532879 -4.65780973
-2.75510216 2.79999995 -0.98226666 -4.63780880
-2.75510216 2.89999986 -0.97883934 -4.61552334
-2.75510216 2.99999976 -0.97502577 -4.59085035
-2.75510216 3.09999990 -0.97080219 -4.56366062
-2.75510216 3.20000005 -0.96617645 -4.53404713
-2.75510216 3.29999995 -0.96114594 -4.50202084
-2.75510216 3.40000010 -0.95568413 -4.46744537
-2.75510216 3.50000000 -0.94983715 -4.43067122
-2.75510216 3.59999990 -0.94357049 -4.39147615
-2.75510216 3.69999957 -0.93691540 -4.35012293
-2.75510216 3.79999995 -0.92986953 -4.30664158
-2.75510216 3.90000010 -0.92241985 -4.26099157
-2.75510216 4.00000000 -0.91461539 -4.21344185
-2.75510216 4.09999990 -0.90645140 -4.16403961
-2.55102038 0.10000000 -1.00000000 -4.55102062
-2.55102038 0.20000000 -1.00000000 -4.55102062
-2.55102038 0.30000001 -1.00000000 -4.55102062
-2.55102038 0.39999998 -1.00000000 -4.55102062
-2.55102038 0.50000000 -1.00000000 -4.55102062
-2.55102038 0.60000002 -1.00000000 -4.55102062
-2.55102038 0.69999993 -1.00000000 -4.55102062
-2.55102038 0.79999995 -0.99999982 -4.55101967
-2.55102038 0.89999998 -0.99999905 -4.55101395
-2.55102038 0.99999988 -0.99999577 -4.55099249
-2.55102038 1.10000002 -0.99998683 -4.55093431
-2.55102038 1.20000005 -0.99996322 -4.55077934
-2.55102038 1.29999995 -0.99991554 -4.55046749
-2.55102038 1.39999998 -0.99982715 -4.54988909
-2.55102038 1.49999988 -0.99967563 -4.54889822
-2.55102038 1.60000002 -0.99943709 -4.54734039
-2.55102038 1.70000005 -0.99908471 -4.54504156
-2.55102038 1.79999995 -0.99859065 -4.54182434
-2.55102038 1.89999986 -0.99791569 -4.53743696
-2.55102038 2.00000000 -0.99703532 -4.53172684
-2.55102038 2.09999990 -0.99592531 -4.52454519
-2.55102038 2.20000005 -0.99453610 -4.51558447
-2.55102038 2.29999995 -0.99286091 -4.50481510
-2.55102038 2.39999986 -0.99084783 -4.49191952
-2.55102038 2.49999976 -0.98849827 -4.47693110
-2.55102038 2.59999990 -0.98577291 -4.45961666
-2.55102038 2.70000005 -0.98267049 -4.44000292
-2.55102038 2.79999995 -0.97915280 -4.41787386
-2.55102038 2.89999986 -0.97519976 -4.39314127
-2.55102038 2.99999976 -0.97083068 -4.36595058
-2.55102038 3.09999990 -0.96600842 -4.33612251
-2.55102038 3.20000005 -0.96072817 -4.30366707
-2.55102038 3.29999995 -0.95501924 -4.26878691
-2.55102038 3.40000010 -0.94886094 -4.23141289
-2.55102038 3.50000000 -0.94225669 -4.19163609
-2.55102038 3.59999990 -0.93519920 -4.14938450
-2.55102038 3.69999957 -0.92771292 -4.10492039
-2.55102038 3.79999995 -0.91982090 -4.05836821
-2.55102038 3.90000010 -0.91147232 -4.00950432
-2.55102038 4.00000000 -0.90281409 -3.95922661
-2.55102038 4.09999990 -0.89371771 -3.90681148
-2.34693885 0.10000000 -1.00000000 -4.34693909
-2.34693885 0.20000000 -1.00000000 -4.34693909
-2.34693885 0.30000001 -1.00000000 -4.34693909
-2.34693885 0.39999998 -1.00000000 -4.34693909
-2.34693885 0.50000000 -1.00000000 -4.34693909
-2.34693885 0.60000002 -1.00000000 -4.34693909
-2.34693885 0.69999993 -1.00000000 -4.34693909
-2.34693885 0.79999995 -0.99999970 -4.34693718
-2.34693885 0.89999998 -0.99999851 -4.34692955
-2.34693885 0.99999988 -0.99999392 -4.34689999
-2.34693885 1.10000002 -0.99998081 -4.34681702
-2.34693885 1.20000005 -0.99994880 -4.34661388
-2.34693885 1.29999995 -0.99988413 -4.34620380
-2.34693885 1.39999998 -0.99976790 -4.34546757
-2.34693885 1.49999988 -0.99957186 -4.34422636
-2.34693885 1.60000002 -0.99927193 -4.34233046
-2.34693885 1.70000005 -0.99883354 -4.33956289
-2.34693885 1.79999995 -0.99821866 -4.33569098
-2.34693885 1.89999986 -0.99739522 -4.33051729
-2.34693885 2.00000000 -0.99633604 -4.32387829
-2.34693885 2.09999990 -0.99499810 -4.31552267
-2.34693885 2.20000005 -0.99334317 -4.30521727
-2.34693885 2.29999995 -0.99135977 -4.29291725
-2.34693885 2.39999986 -0.98900038 -4.27835751
-2.34693885 2.49999976 -0.98624635 -4.26142931
-2.34693885 2.59999990 -0.98307186 -4.24202251
-2.34693885 2.70000005 -0.97945046 -4.22000647
-2.34693885 2.79999995 -0.97539258 -4.19548130
-2.34693885 2.89999986 -0.97081727 -4.16800213
-2.34693885 2.99999976 -0.96582043 -4.13818502
-2.34693885 3.09999990 -0.96029270 -4.10542870
-2.34693885 3.20000005 -0.95429027 -4.07009459
-2.34693885 3.29999995 -0.94777626 -4.03204393
-2.34693885 3.40000010 -0.94074613 -3.99129200
-2.34693885 3.50000000 -0.93324316 -3.94810843
-2.34693885 3.59999990 -0.92529958 -3.90280247
-2.34693885 3.69999957 -0.91686255 -3.85507607
-2.34693885 3.79999995 -0.90796429 -3.80514026
-2.34693885 3.90000010 -0.89866436 -3.75337458
-2.34693885 4.00000000 -0.88896519 -3.69985700
-2.34693885 4.09999990 -0.87885791 -3.64460206
-2.14285707 0.10000000 -1.00000000 -4.14285707
-2.14285707 0.20000000 -1.00000000 -4.14285707
-2.14285707 0.30000001 -1.00000000 -4.14285707
-2.14285707 0.39999998 -1.00000000 -4.14285707
-2.14285707 0.50000000 -1.00000000 -4.14285707
-2.14285707 0.60000002 -1.00000000 -4.14285707
-2.14285707 0.69999993 -0.99999994 -4.14285660
-2.14285707 0.79999995 -0.99999958 -4.14285421
-2.14285707 0.89999998 -0.99999762 -4.14284229
-2.14285707 0.99999988 -0.99999052 -4.14279890
-2.14285707 1.10000002 -0.99997157 -4.14268255
-2.14285707 1.20000005 -0.99992824 -4.14241648
-2.14285707 1.29999995 -0.99984133 -4.14188337
-2.14285707 1.39999998 -0.99968731 -4.14093971
-2.14285707 1.49999988 -0.99943513 -4.13939619
-2.14285707 1.60000002 -0.99905443 -4.13707018
-2.14285707 1.70000005 -0.99850726 -4.13373375
-2.14285707 1.79999995 -0.99775100 -4.12913275
-2.14285707 1.89999986 -0.99674684 -4.12304401
-2.14285707 2.00000000 -0.99545872 -4.11525869
-2.14285707 2.09999990 -0.99385715 -4.10561514
-2.14285707 2.20000005 -0.99188715 -4.09379816
-2.14285707 2.29999995 -0.98951596 -4.07965374
-2.14285707 2.39999986 -0.98673671 -4.06315708
-2.14285707 2.49999976 -0.98350388 -4.04407549
-2.14285707 2.59999990 -0.97977692 -4.02220249
-2.14285707 2.70000005 -0.97557348 -3.99770164
-2.14285707 2.79999995 -0.97084105 -3.97031260
-2.14285707 2.89999986 -0.96558321 -3.94007993
-2.14285707 2.99999976 -0.95978558 -3.90701008
-2.14285707 3.09999990 -0.95343345 -3.87107658
-2.14285707 3.20000005 -0.94651759 -3.83225584
-2.14285707 3.29999995 -0.93905813 -3.79073596
-2.14285707 3.40000010 -0.93106502 -3.74665833
-2.14285707 3.50000000 -0.92252773 -3.69997191
-2.14285707 3.59999990 -0.91346270 -3.65085363
-2.14285707 3.69999957 -0.90388876 -3.59949017
-2.14285707 3.79999995 -0.89382792 -3.54603696
-2.14285707 3.90000010 -0.88341480 -3.49119902
-2.14285707 4.00000000 -0.87249106 -3.43424439
-2.14285707 4.09999990 -0.86119992 -3.37596130
-1.93877554 0.10000000 -1.00000000 -3.93877554
-1.93877554 0.20000000 -1.00000000 -3.93877554
-1.93877554 0.30000001 -1.00000000 -3.93877554
-1.93877554 0.39999998 -1.00000000 -3.93877554
-1.93877554 0.50000000 -1.00000000 -3.93877554
-1.93877554 0.60000002 -1.00000000 -3.93877554
-1.93877554 0.69999993 -0.99999994 -3.93877506
-1.93877554 0.79999995 -0.99999928 -3.93877125
-1.93877554 0.89999998 -0.99999630 -3.93875360
-1.93877554 0.99999988 -0.99998587 -3.93869185
-1.93877554 1.10000002 -0.99995863 -3.93853021
-1.93877554 1.20000005 -0.99989903 -3.93817663
-1.93877554 1.29999995 -0.99978286 -3.93748784
-1.93877554 1.39999998 -0.99958044 -3.93629026
-1.93877554 1.49999988 -0.99925697 -3.93437839
-1.93877554 1.60000002 -0.99877286 -3.93152356
-1.93877554 1.70000005 -0.99808675 -3.92748809
-1.93877554 1.79999995 -0.99714983 -3.92199659
-1.93877554 1.89999986 -0.99592316 -3.91482878
-1.93877554 2.00000000 -0.99436003 -3.90573764
-1.93877554 2.09999990 -0.99241859 -3.89449668
-1.93877554 2.20000005 -0.99005461 -3.88087940
-1.93877554 2.29999995 -0.98725230 -3.86483145
-1.93877554 2.39999986 -0.98395854 -3.84608388
-1.93877554 2.49999976 -0.98012525 -3.82441187
-1.93877554 2.59999990 -0.97576094 -3.79990911
-1.93877554 2.70000005 -0.97082287 -3.77240944
-1.93877554 2.79999995 -0.96529144 -3.74185801
-1.93877554 2.89999986 -0.95917672 -3.70834637
-1.93877554 2.99999976 -0.95242363 -3.67167068
-1.93877554 3.09999990 -0.94508904 -3.63223028
-1.93877554 3.20000005 -0.93710119 -3.58965349
-1.93877554 3.29999995 -0.92847973 -3.54418159
-1.93877554 3.40000010 -0.91930395 -3.49626064
-1.93877554 3.50000000 -0.90950626 -3.44559336
-1.93877554 3.59999990 -0.89916116 -3.39269066
-1.93877554 3.69999957 -0.88828355 -3.33767343
-1.93877554 3.79999995 -0.87692553 -3.28083682
-1.93877554 3.90000010 -0.86508524 -3.22216916
-1.93877554 4.00000000 -0.85279113 -3.16198540
-1.93877554 4.09999990 -0.84007388 -3.10039616
-1.73469388 0.10000000 -1.00000000 -3.73469400
-1.73469388 0.20000000 -1.00000000 -3.73469400
-1.73469388 0.30000001 -1.00000000 -3.73469400
-1.73469388 0.39999998 -1.00000000 -3.73469400
-1.73469388 0.50000000 -1.00000000 -3.73469400
-1.73469388 0.60000002 -1.00000000 -3.73469400
-1.73469388 0.69999993 -0.99999988 -3.73469329
-1.73469388 0.79999995 -0.99999887 -3.73468757
-1.73469388 0.89999998 -0.99999404 -3.73465991
-1.73469388 0.99999988 -0.99997902 -3.73457360
-1.73469388 1.10000002 -0.99994010 -3.73435044
-1.73469388 1.20000005 -0.99985754 -3.73387814
-1.73469388 1.29999995 -0.99970090 -3.73298264
-1.73469388 1.39999998 -0.99943531 -3.73146677
-1.73469388 1.49999988 -0.99901915 -3.72909665
-1.73469388 1.60000002 -0.99840409 -3.72560263
-1.73469388 1.70000005 -0.99754316 -3.72072911
-1.73469388 1.79999995 -0.99639171 -3.71423626
-1.73469388 1.89999986 -0.99487591 -3.70572710
-1.73469388 2.00000000 -0.99297422 -3.69510603
-1.73469388 2.09999990 -0.99061936 -3.68202972
-1.73469388 2.20000005 -0.98778707 -3.66640425
-1.73469388 2.29999995 -0.98442066 -3.64795327
-1.73469388 2.39999986 -0.98049009 -3.62657547
-1.73469388 2.49999976 -0.97595358 -3.60210204
-1.73469388 2.59999990 -0.97077596 -3.57441139
-1.73469388 2.70000005 -0.96496499 -3.54362655
-1.73469388 2.79999995 -0.95845532 -3.50944448
-1.73469388 2.89999986 -0.95127624 -3.47212195
-1.73469388 2.99999976 -0.94338417 -3.43155861
-1.73469388 3.09999990 -0.93477082 -3.38773918
-1.73469388 3.20000005 -0.92554295 -3.34132051
-1.73469388 3.29999995 -0.91555643 -3.29165983
-1.73469388 3.40000010 -0.90488940 -3.23923731
-1.73469388 3.50000000 -0.89359194 -3.18441892
-1.73469388 3.59999990 -0.88172466 -3.12745953
-1.73469388 3.69999957 -0.86929536 -3.06859851
-1.73469388 3.79999995 -0.85629755 -3.00776458
-1.73469388 3.90000010 -0.84280258 -2.94543004
-1.73469388 4.00000000 -0.82889062 -2.88192821
-1.73469388 4.09999990 -0.81468278 -2.81790280
-1.53061223 0.10000000 -1.00000000 -3.53061223
-1.53061223 0.20000000 -1.00000000 -3.53061223
-1.53061223 0.30000001 -1.00000000 -3.53061223
-1.53061223 0.39999998 -1.00000000 -3.53061223
-1.53061223 0.50000000 -1.00000000 -3.53061223
-1.53061223 0.60000002 -1.00000000 -3.53061199
-1.53061223 0.69999993 -0.99999970 -3.53061056
-1.53061223 0.79999995 -0.99999797 -3.53060102
-1.53061223 0.89999998 -0.99999070 -3.53056097
-1.53061223 0.99999988 -0.99996847 -3.53043795
-1.53061223 1.10000002 -0.99991417 -3.53013825
-1.53061223 1.20000005 -0.99979848 -3.52949977
-1.53061223 1.29999995 -0.99958909 -3.52834678
-1.53061223 1.39999998 -0.99924016 -3.52642989
-1.53061223 1.49999988 -0.99870628 -3.52350426
-1.53061223 1.60000002 -0.99791718 -3.51919627
-1.53061223 1.70000005 -0.99684083 -3.51334453
-1.53061223 1.79999995 -0.99539340 -3.50551486
-1.53061223 1.89999986 -0.99353540 -3.49552107
-1.53061223 2.00000000 -0.99120235 -3.48304772
-1.53061223 2.09999990 -0.98834753 -3.46789598
-1.53061223 2.20000005 -0.98491949 -3.44984269
-1.53061223 2.29999995 -0.98085940 -3.42864013
-1.53061223 2.39999986 -0.97612846 -3.40415001
-1.53061223 2.49999976 -0.97071618 -3.37642503
-1.53061223 2.59999990 -0.96455401 -3.34517169
-1.53061223 2.70000005 -0.95762205 -3.31040025
-1.53061223 2.79999995 -0.94992292 -3.27223730
-1.53061223 2.89999986 -0.94137448 -3.23034501
-1.53061223 2.99999976 -0.93208116 -3.18538046
-1.53061223 3.09999990 -0.92193276 -3.13691187
-1.53061223 3.20000005 -0.91104108 -3.08558631
-1.53061223 3.29999995 -0.89931786 -3.03108072
-1.53061223 3.40000010 -0.88688755 -2.97405839
-1.53061223 3.50000000 -0.87379783 -2.91485047
-1.53061223 3.59999990 -0.86002392 -2.85347962
-1.53061223 3.69999957 -0.84558713 -2.79001188
-1.53061223 3.79999995 -0.83075345 -2.72572565
-1.53061223 3.90000010 -0.81532562 -2.65982437
-1.53061223 4.00000000 -0.79956126 -2.59344912
-1.53061223 4.09999990 -0.78341585 -2.52641273
-1.32653058 0.10000000 -1.00000000 -3.32653046
-1.32653058 0.20000000 -1.00000000 -3.32653046
-1.32653058 0.30000001 -1.00000000 -3.32653046
-1.32653058 0.39999998 -1.00000000 -3.32653046
-1.32653058 0.50000000 -1.00000000 -3.32653046
-1.32653058 0.60000002 -1.00000000 -3.32653022
-1.32653058 0.69999993 -0.99999958 -3.32652807
-1.32653058 0.79999995 -0.99999666 -3.32651281
-1.32653058 0.89999998 -0.99998564 -3.32645416
-1.32653058 0.99999988 -0.99995250 -3.32627773
-1.32653058 1.10000002 -0.99987459 -3.32586384
-1.32653058 1.20000005 -0.99971920 -3.32503939
-1.32653058 1.29999995 -0.99943465 -3.32353330
-1.32653058 1.39999998 -0.99897540 -3.32110977
-1.32653058 1.49999988 -0.99827808 -3.31744313
-1.32653058 1.60000002 -0.99728119 -3.31222510
-1.32653058 1.70000005 -0.99591380 -3.30510712
-1.32653058 1.79999995 -0.99410278 -3.29573512
-1.32653058 1.89999986 -0.99181145 -3.28396416
-1.32653058 2.00000000 -0.98892641 -3.26926160
-1.32653058 2.09999990 -0.98543227 -3.25160909
-1.32653058 2.20000005 -0.98123127 -3.23059416
-1.32653058 2.29999995 -0.97632027 -3.20627165
-1.32653058 2.39999986 -0.97059357 -3.17822766
-1.32653058 2.49999976 -0.96401793 -3.14640856
-1.32653058 2.59999990 -0.95660561 -3.11102724
-1.32653058 2.70000005 -0.94823688 -3.07155538
-1.32653058 2.79999995 -0.93898755 -3.02857232
-1.32653058 2.89999986 -0.92874455 -2.98163676
-1.32653058 2.99999976 -0.91761452 -2.93141222
-1.32653058 3.09999990 -0.90555644 -2.87781715
-1.32653058 3.20000005 -0.89254916 -2.82090473
-1.32653058 3.29999995 -0.87869418 -2.76130939
-1.32653058 3.40000010 -0.86405927 -2.69935393
-1.32653058 3.50000000 -0.84855741 -2.63480425
-1.32653058 3.59999990 -0.83246863 -2.56887627
-1.32653058 3.69999957 -0.81567544 -2.50124669
-1.32653058 3.79999995 -0.79839075 -2.43273735
-1.32653058 3.90000010 -0.78071719 -2.36381483
-1.32653058 4.00000000 -0.76274765 -2.29486227
-1.32653058 4.09999990 -0.74453533 -2.22603989
-1.12244892 0.10000000 -1.00000000 -3.12244892
-1.12244892 0.20000000 -1.00000000 -3.12244892
-1.12244892 0.30000001 -1.00000000 -3.12244892
-1.12244892 0.39999998 -1.00000000 -3.12244892
-1.12244892 0.50000000 -1.00000000 -3.12244892
-1.12244892 0.60000002 -0.99999994 -3.12244868
-1.12244892 0.69999993 -0.99999911 -3.12244439
-1.12244892 0.79999995 -0.99999446 -3.12242055
-1.12244892 0.89999998 -0.99997699 -3.12233090
-1.12244892 0.99999988 -0.99992865 -3.12208390
-1.12244892 1.10000002 -0.99981779 -3.12151790
-1.12244892 1.20000005 -0.99959987 -3.12040854
-1.12244892 1.29999995 -0.99922019 -3.11848021
-1.12244892 1.39999998 -0.99861419 -3.11541629
-1.12244892 1.49999988 -0.99771100 -3.11087108
-1.12244892 1.60000002 -0.99642664 -3.10444474
-1.12244892 1.70000005 -0.99468774 -3.09580827
-1.12244892 1.79999995 -0.99241871 -3.08462715
-1.12244892 1.89999986 -0.98954177 -3.07057810
-1.12244892 2.00000000 -0.98596466 -3.05327845
-1.12244892 2.09999990 -0.98163432 -3.03257298
-1.12244892 2.20000005 -0.97648776 -3.00825405
-1.12244892 2.29999995 -0.97040188 -2.97987127
-1.12244892 2.39999986 -0.96338004 -2.94758224
-1.12244892 2.49999976 -0.95533669 -2.91114259
-1.12244892 2.59999990 -0.94618142 -2.87028933
-1.12244892 2.70000005 -0.93600470 -2.82564354
-1.12244892 2.79999995 -0.92466176 -2.77672338
-1.12244892 2.89999986 -0.91223425 -2.72408271
-1.12244892 2.99999976 -0.89863843 -2.66752958
-1.12244892 3.09999990 -0.88395739 -2.60763836
-1.12244892 3.20000005 -0.86825877 -2.54477572
-1.12244892 3.29999995 -0.85153347 -2.47908306
-1.12244892 3.40000010 -0.83393347 -2.41131210
-1.12244892 3.50000000 -0.81554800 -2.34184861
-1.12244892 3.59999990 -0.79637861 -2.27084684
-1.12244892 3.69999957 -0.77674615 -2.19954395
-1.12244892 3.79999995 -0.75661737 -2.12776208
-1.12244892 3.90000010 -0.73624623 -2.05652928
-1.12244892 4.00000000 -0.71575338 -1.98604703
-1.12244892 4.09999990 -0.69516402 -1.91661310
-0.91836733 0.10000000 -1.00000000 -2.91836739
-0.91836733 0.20000000 -1.00000000 -2.91836739
-0.91836733 0.30000001 -1.00000000 -2.91836739
-0.91836733 0.39999998 -1.00000000 -2.91836739
-0.91836733 0.50000000 -1.00000000 -2.91836739
-0.91836733 0.60000002 -0.99999988 -2.91836667
-0.91836733 0.69999993 -0.99999833 -2.91835904
-0.91836733 0.79999995 -0.99999076 -2.91832185
-0.91836733 0.89999998 -0.99996364 -2.91818881
-0.91836733 0.99999988 -0.99989176 -2.91783619
-0.91836733 1.10000002 -0.99973333 -2.91706109
-0.91836733 1.20000005 -0.99943304 -2.91559696
-0.91836733 1.29999995 -0.99892092 -2.91311002
-0.91836733 1.39999998 -0.99811417 -2.90921307
-0.91836733 1.49999988 -0.99693358 -2.90354872
-0.91836733 1.60000002 -0.99527794 -2.89566541
-0.91836733 1.70000005 -0.99305421 -2.88517118
-0.91836733 1.79999995 -0.99017656 -2.87173748
-0.91836733 1.89999986 -0.98652887 -2.85489845
-0.91836733 2.00000000 -0.98203826 -2.83443880
-0.91836733 2.09999990 -0.97658926 -2.80995154
-0.91836733 2.20000005 -0.97012484 -2.78135848
-0.91836733 2.29999995 -0.96252948 -2.74829960
-0.91836733 2.39999986 -0.95370442 -2.71057248
-0.91836733 2.49999976 -0.94361210 -2.66824150
-0.91836733 2.59999990 -0.93222439 -2.62143016
-0.91836733 2.70000005 -0.91942948 -2.56990385
-0.91836733 2.79999995 -0.90528840 -2.51412559
-0.91836733 2.89999986 -0.88970679 -2.45414424
-0.91836733 2.99999976 -0.87270963 -2.39010596
-0.91836733 3.09999990 -0.85443914 -2.32293272
-0.91836733 3.20000005 -0.83500278 -2.25304341
-0.91836733 3.29999995 -0.81446165 -2.18099451
-0.91836733 3.40000010 -0.79294956 -2.10720730
-0.91836733 3.50000000 -0.77050066 -2.03209019
-0.91836733 3.59999990 -0.74770087 -1.95746875
-0.91836733 3.69999957 -0.72443539 -1.88301396
-0.91836733 3.79999995 -0.70092928 -1.80940270
-0.91836733 3.90000010 -0.67745990 -1.73736393
-0.91836733 4.00000000 -0.65413946 -1.66725731
-0.91836733 4.09999990 -0.63117957 -1.59956360
-0.71428573 0.10000000 -1.00000000 -2.71428585
-0.71428573 0.20000000 -1.00000000 -2.71428585
-0.71428573 0.30000001 -1.00000000 -2.71428585
-0.71428573 0.39999998 -1.00000000 -2.71428585
-0.71428573 0.50000000 -1.00000000 -2.71428585
-0.71428573 0.60000002 -0.99999970 -2.71428442
-0.71428573 0.69999993 -0.99999720 -2.71427250
-0.71428573 0.79999995 -0.99998486 -2.71421432
-0.71428573 0.89999998 -0.99994314 -2.71401811
-0.71428573 0.99999988 -0.99983585 -2.71351480
-0.71428573 1.10000002 -0.99961168 -2.71246672
-0.71428573 1.20000005 -0.99919224 -2.71051335
-0.71428573 1.29999995 -0.99849540 -2.70728803
-0.71428573 1.39999998 -0.99742234 -2.70235753
-0.71428573 1.49999988 -0.99586141 -2.69525170
-0.71428573 1.60000002 -0.99369872 -2.68550682
-0.71428573 1.70000005 -0.99082905 -2.67272401
-0.71428573 1.79999995 -0.98710263 -2.65635777
-0.71428573 1.89999986 -0.98243761 -2.63617349
-0.71428573 2.00000000 -0.97665793 -2.61158872
-0.71428573 2.09999990 -0.96969134 -2.58251190
-0.71428573 2.20000005 -0.96134704 -2.54837012
-0.71428573 2.29999995 -0.95156598 -2.50922894
-0.71428573 2.39999986 -0.94017541 -2.46468925
-0.71428573 2.49999976 -0.92717159 -2.41508007
-0.71428573 2.59999990 -0.91234744 -2.35999870
-0.71428573 2.70000005 -0.89571285 -2.29986382
-0.71428573 2.79999995 -0.87732261 -2.23520374
-0.71428573 2.89999986 -0.85706222 -2.16601253
-0.71428573 2.99999976 -0.83508933 -2.09319472
-0.71428573 3.09999990 -0.81150359 -2.01726031
-0.71428573 3.20000005 -0.78668875 -1.93972170
-0.71428573 3.29999995 -0.76059109 -1.86050010
-0.71428573 3.40000010 -0.73376614 -1.78134906
-0.71428573 3.50000000 -0.70634651 -1.70271993
-0.71428573 3.59999990 -0.67869848 -1.62544131
-0.71428573 3.69999957 -0.65118653 -1.55045903
-0.71428573 3.79999995 -0.62394613 -1.47801960
-0.71428573 3.90000010 -0.59724367 -1.40858901
-0.71428573 4.00000000 -0.57144493 -1.34284449
-0.71428573 4.09999990 -0.54653132 -1.28072858
-0.51020408 0.10000000 -1.00000000 -2.51020408
-0.51020408 0.20000000 -1.00000000 -2.51020408
-0.51020408 0.30000001 -1.00000000 -2.51020408
-0.51020408 0.39999998 -1.00000000 -2.51020408
-0.51020408 0.50000000 -0.99999994 -2.51020384
-0.51020408 0.60000002 -0.99999940 -2.51020145
-0.51020408 0.69999993 -0.99999475 -2.51018047
-0.51020408 0.79999995 -0.99997449 -2.51008916
-0.51020408 0.89999998 -0.99990988 -2.50979877
-0.51020408 0.99999988 -0.99975145 -2.50908971
-0.51020408 1.10000002 -0.99942690 -2.50764370
-0.51020408 1.20000005 -0.99884480 -2.50506783
-0.51020408 1.29999995 -0.99788886 -2.50087190
-0.51020408 1.39999998 -0.99643981 -2.49457502
-0.51020408 1.49999988 -0.99436384 -2.48566294
-0.51020408 1.60000002 -0.99150968 -2.47357655
-0.51020408 1.70000005 -0.98770052 -2.45771694
-0.51020408 1.79999995 -0.98281121 -2.43772531
-0.51020408 1.89999986 -0.97664028 -2.41302609
-0.51020408 2.00000000 -0.96899462 -2.38312578
-0.51020408 2.09999990 -0.95970923 -2.34773111
-0.51020408 2.20000005 -0.94856673 -2.30643106
-0.51020408 2.29999995 -0.93535405 -2.25891042
-0.51020408 2.39999986 -0.91989946 -2.20514083
-0.51020408 2.49999976 -0.90200263 -2.14499855
-0.51020408 2.59999990 -0.88162935 -2.07893348
-0.51020408 2.70000005 -0.85854465 -2.00689483
-0.51020408 2.79999995 -0.83300716 -1.93020070
-0.51020408 2.89999986 -0.80506676 -1.84954441
-0.51020408 2.99999976 -0.77476329 -1.76545990
-0.51020408 3.09999990 -0.74287003 -1.68023300
-0.51020408 3.20000005 -0.70961338 -1.59469867
-0.51020408 3.29999995 -0.67575377 -1.51059544
-0.51020408 3.40000010 -0.64165032 -1.42871165
-0.51020408 3.50000000 -0.60811305 -1.35061896
-0.51020408 3.59999990 -0.57504559 -1.27587283
-0.51020408 3.69999957 -0.54357469 -1.20646393
-0.51020408 3.79999995 -0.51342058 -1.14155209
-0.51020408 3.90000010 -0.48500559 -1.08149683
-0.51020408 4.00000000 -0.45844674 -1.02651882
-0.51020408 4.09999990 -0.43352571 -0.97549760
-0.30612245 0.10000000 -1.00000000 -2.30612254
-0.30612245 0.20000000 -1.00000000 -2.30612254
-0.30612245 0.30000001 -1.00000000 -2.30612254
-0.30612245 0.39999998 -1.00000000 -2.30612254
-0.30612245 0.50000000 -0.99999994 -2.30612230
-0.30612245 0.60000002 -0.99999881 -2.30611753
-0.30612245 0.69999993 -0.99999070 -2.30608225
-0.30612245 0.79999995 -0.99995691 -2.30593753
-0.30612245 0.89999998 -0.99985659 -2.30550838
-0.30612245 0.99999988 -0.99962014 -2.30450249
-0.30612245 1.10000002 -0.99915236 -2.30252624
-0.30612245 1.20000005 -0.99833459 -2.29910445
-0.30612245 1.29999995 -0.99701148 -2.29363251
-0.30612245 1.39999998 -0.99503011 -2.28555441
-0.30612245 1.49999988 -0.99219388 -2.27417970
-0.30612245 1.60000002 -0.98830664 -2.25891829
-0.30612245 1.70000005 -0.98314756 -2.23912406
-0.30612245 1.79999995 -0.97642094 -2.21401691
-0.30612245 1.89999986 -0.96790934 -2.18318653
-0.30612245 2.00000000 -0.95721340 -2.14577103
-0.30612245 2.09999990 -0.94397557 -2.10121560
-0.30612245 2.20000005 -0.92777526 -2.04899311
-0.30612245 2.29999995 -0.90828049 -1.98905182
-0.30612245 2.39999986 -0.88483268 -1.92053258
-0.30612245 2.49999976 -0.85729712 -1.84427655
-0.30612245 2.59999990 -0.82532239 -1.76062238
-0.30612245 2.70000005 -0.78886819 -1.67082071
-0.30612245 2.79999995 -0.74838012 -1.57651222
-0.30612245 2.89999986 -0.70489299 -1.48080409
-0.30612245 2.99999976 -0.65936375 -1.38591731
-0.30612245 3.09999990 -0.61314601 -1.29400349
-0.30612245 3.20000005 -0.56764728 -1.20738494
-0.30612245 3.29999995 -0.52413970 -1.12753367
-0.30612245 3.40000010 -0.48333579 -1.05477703
-0.30612245 3.50000000 -0.44555846 -0.98910481
-0.30612245 3.59999990 -0.41108295 -0.93022358
-0.30612245 3.69999957 -0.38004738 -0.87775713
-0.30612245 3.79999995 -0.35196328 -0.83068240
-0.30612245 3.90000010 -0.32696480 -0.78873324
-0.30612245 4.00000000 -0.30460820 -0.75129718
-0.30612245 4.09999990 -0.28440955 -0.71727949
-0.10204082 0.10000000 -1.00000000 -2.10204077
-0.10204082 0.20000000 -1.00000000 -2.10204077
-0.10204082 0.30000001 -1.00000000 -2.10204077
-0.10204082 0.39999998 -1.00000000 -2.10204077
-0.10204082 0.50000000 -0.99999982 -2.10204005
-0.10204082 0.60000002 -0.99999768 -2.10203123
-0.10204082 0.69999993 -0.99998337 -2.10197282
-0.10204082 0.79999995 -0.99992853 -2.10174918
-0.10204082 0.89999998 -0.99977201 -2.10111451
-0.10204082 0.99999988 -0.99941921 -2.09969544
-0.10204082 1.10000002 -0.99873626 -2.09697533
-0.10204082 1.20000005 -0.99755996 -2.09236026
-0.10204082 1.29999995 -0.99569106 -2.08515477
-0.10204082 1.39999998 -0.99289417 -2.07460856
-0.10204082 1.49999988 -0.98889548 -2.05991507
-0.10204082 1.60000002 -0.98336726 -2.04021764
-0.10204082 1.70000005 -0.97583663 -2.01441574
-0.10204082 1.79999995 -0.96587163 -1.98177719
-0.10204082 1.89999986 -0.95270461 -1.94090772
-0.10204082 2.00000000 -0.93541372 -1.89053130
-0.10204082 2.09999990 -0.91265249 -1.82916546
-0.10204082 2.20000005 -0.88291299 -1.75567758
-0.10204082 2.29999995 -0.84370583 -1.66832948
-0.10204082 2.39999986 -0.79244536 -1.56684649
-0.10204082 2.49999976 -0.72755104 -1.45337331
-0.10204082 2.59999990 -0.65016484 -1.33327258
-0.10204082 2.70000005 -0.56552589 -1.21542013
-0.10204082 2.79999995 -0.48298463 -1.10860968
-0.10204082 2.89999986 -0.40902275 -1.01697254
-0.10204082 2.99999976 -0.34655696 -0.94055259
-0.10204082 3.09999990 -0.29599562 -0.87720513
-0.10204082 3.20000005 -0.25498897 -0.82396746
-0.10204082 3.29999995 -0.22250302 -0.77898413
-0.10204082 3.40000010 -0.19586580 -0.73984891
-0.10204082 3.50000000 -0.17406459 -0.70569533
-0.10204082 3.59999990 -0.15613642 -0.67558426
-0.10204082 3.69999957 -0.14084648 -0.64820206
-0.10204082 3.79999995 -0.12847786 -0.62374181
-0.10204082 3.90000010 -0.11749529 -0.60128886
-0.10204082 4.00000000 -0.10818722 -0.58088857
-0.10204082 4.09999990 -0.10003342 -0.56176817
0.10204082 0.10000000 1.00000000 -2.10204077
0.10204082 0.20000000 1.00000000 -2.10204077
0.10204082 0.30000001 1.00000000 -2.10204077
0.10204082 0.39999998 1.00000000 -2.10204077
0.10204082 0.50000000 0.99999988 -2.10204029
0.10204082 0.60000002 0.99999762 -2.10203099
0.10204082 0.69999993 0.99998379 -2.10197449
0.10204082 0.79999995 0.99992859 -2.10174942
0.10204082 0.89999998 0.99977207 -2.10111475
0.10204082 0.99999988 0.99941820 -2.09969139
0.10204082 1.10000002 0.99873567 -2.09697390
0.10204082 1.20000005 0.99756062 -2.09236360
0.10204082 1.29999995 0.99569261 -2.08516240
0.10204082 1.39999998 0.99289191 -2.07459331
0.10204082 1.49999988 0.98887765 -2.05985069
0.10204082 1.60000002 0.98334569 -2.04015303
0.10204082 1.70000005 0.97585434 -2.01447821
0.10204082 1.79999995 0.96589446 -1.98181629
0.10204082 1.89999986 0.95270795 -1.94092607
0.10204082 2.00000000 0.93541026 -1.89057982
0.10204082 2.09999990 0.91269940 -1.82925570
0.10204082 2.20000005 0.88291425 -1.75575948
0.10204082 2.29999995 0.84344834 -1.66805410
0.10204082 2.39999986 0.79234320 -1.56671524
0.10204082 2.49999976 0.72735721 -1.45309198
0.10204082 2.59999990 0.65009624 -1.33319831
0.10204082 2.70000005 0.56566811 -1.21546173
0.10204082 2.79999995 0.48285365 -1.10852730
0.10204082 2.89999986 0.40885532 -1.01707745
0.10204082 2.99999976 0.34642118 -0.94038868
0.10204082 3.09999990 0.29596099 -0.87732291
0.10204082 3.20000005 0.25541306 -0.82416618
0.10204082 3.29999995 0.22217901 -0.77872527
0.10204082 3.40000010 0.19569676 -0.73992032
0.10204082 3.50000000 0.17391419 -0.70565444
0.10204082 3.59999990 0.15589260 -0.67538816
0.10204082 3.69999957 0.14121436 -0.64828491
0.10204082 3.79999995 0.12834446 -0.62367970
0.10204082 3.90000010 0.11749723 -0.60119319
0.10204082 4.00000000 0.10814517 -0.58079857
0.10204082 4.09999990 0.09995124 -0.56181288
0.30612245 0.10000000 1.00000000 -2.30612254
0.30612245 0.20000000 1.00000000 -2.30612254
0.30612245 0.30000001 1.00000000 -2.30612254
0.30612245 0.39999998 1.00000000 -2.30612254
0.30612245 0.50000000 0.99999994 -2.30612230
0.30612245 0.60000002 0.99999887 -2.30611753
0.30612245 0.69999993 0.99999088 -2.30608320
0.30612245 0.79999995 0.99995726 -2.30593896
0.30612245 0.89999998 0.99985665 -2.30550885
0.30612245 0.99999988 0.99962068 -2.30450463
0.30612245 1.10000002 0.99915504 -2.30253673
0.30612245 1.20000005 0.99832934 -2.29908061
0.30612245 1.29999995 0.99700934 -2.29362369
0.30612245 1.39999998 0.99502629 -2.28553772
0.30612245 1.49999988 0.99219137 -2.27417564
0.30612245 1.60000002 0.98831278 -2.25893950
0.30612245 1.70000005 0.98312759 -2.23906374
0.30612245 1.79999995 0.97642922 -2.21404243
0.30612245 1.89999986 0.96791470 -2.18320346
0.30612245 2.00000000 0.95715034 -2.14557099
0.30612245 2.09999990 0.94396305 -2.10115743
0.30612245 2.20000005 0.92775941 -2.04895425
0.30612245 2.29999995 0.90821958 -1.98883581
0.30612245 2.39999986 0.88482797 -1.92050159
0.30612245 2.49999976 0.85727811 -1.84423280
0.30612245 2.59999990 0.82522464 -1.76044774
0.30612245 2.70000005 0.78886503 -1.67072785
0.30612245 2.79999995 0.74844754 -1.57658434
0.30612245 2.89999986 0.70496011 -1.48099804
0.30612245 2.99999976 0.65929800 -1.38567317
0.30612245 3.09999990 0.61325526 -1.29410028
0.30612245 3.20000005 0.56769937 -1.20745897
0.30612245 3.29999995 0.52417260 -1.12752759
0.30612245 3.40000010 0.48324373 -1.05462313
0.30612245 3.50000000 0.44552708 -0.98909414
0.30612245 3.59999990 0.41115987 -0.93027061
0.30612245 3.69999957 0.37996554 -0.87768549
0.30612245 3.79999995 0.35222065 -0.83090115
0.30612245 3.90000010 0.32693547 -0.78874701
0.30612245 4.00000000 0.30455390 -0.75127620
0.30612245 4.09999990 0.28453103 -0.71738207
0.51020408 0.10000000 1.00000000 -2.51020408
0.51020408 0.20000000 1.00000000 -2.51020408
0.51020408 0.30000001 1.00000000 -2.51020408
0.51020408 0.39999998 1.00000000 -2.51020408
0.51020408 0.50000000 0.99999994 -2.51020384
0.51020408 0.60000002 0.99999940 -2.51020145
0.51020408 0.69999993 0.99999505 -2.51018190
0.51020408 0.79999995 0.99997467 -2.51009011
0.51020408 0.89999998 0.99991018 -2.50980043
0.51020408 0.99999988 0.99975169 -2.50909090
0.51020408 1.10000002 0.99942857 -2.50765109
0.51020408 1.20000005 0.99884421 -2.50506449
0.51020408 1.29999995 0.99789286 -2.50088954
0.51020408 1.39999998 0.99644703 -2.49460340
0.51020408 1.49999988 0.99435478 -2.48562407
0.51020408 1.60000002 0.99150121 -2.47354341
0.51020408 1.70000005 0.98769939 -2.45770454
0.51020408 1.79999995 0.98281068 -2.43772984
0.51020408 1.89999986 0.97663748 -2.41301537
0.51020408 2.00000000 0.96900487 -2.38317227
0.51020408 2.09999990 0.95970446 -2.34771061
0.51020408 2.20000005 0.94855386 -2.30637693
0.51020408 2.29999995 0.93536478 -2.25892115
0.51020408 2.39999986 0.91994011 -2.20527506
0.51020408 2.49999976 0.90207452 -2.14521217
0.51020408 2.59999990 0.88166076 -2.07901978
0.51020408 2.70000005 0.85861391 -2.00705314
0.51020408 2.79999995 0.83301461 -1.93020034
0.51020408 2.89999986 0.80500972 -1.84938765
0.51020408 2.99999976 0.77484989 -1.76566195
0.51020408 3.09999990 0.74291527 -1.68036187
0.51020408 3.20000005 0.70952666 -1.59447896
0.51020408 3.29999995 0.67570406 -1.51054311
0.51020408 3.40000010 0.64164501 -1.42873526
0.51020408 3.50000000 0.60801822 -1.35042322
0.51020408 3.59999990 0.57516265 -1.27617335
0.51020408 3.69999957 0.54355317 -1.20646286
0.51020408 3.79999995 0.51335979 -1.14147270
0.51020408 3.90000010 0.48517439 -1.08193564
0.51020408 4.00000000 0.45840085 -1.02639568
0.51020408 4.09999990 0.43361977 -0.97567093
0.71428573 0.10000000 1.00000000 -2.71428585
0.71428573 0.20000000 1.00000000 -2.71428585
0.71428573 0.30000001 1.00000000 -2.71428585
0.71428573 0.39999998 1.00000000 -2.71428585
0.71428573 0.50000000 1.00000000 -2.71428585
0.71428573 0.60000002 0.99999970 -2.71428442
0.71428573 0.69999993 0.99999720 -2.71427250
0.71428573 0.79999995 0.99998462 -2.71421313
0.71428573 0.89999998 0.99994284 -2.71401691
0.71428573 0.99999988 0.99983680 -2.71351933
0.71428573 1.10000002 0.99961060 -2.71246171
0.71428573 1.20000005 0.99919182 -2.71051192
0.71428573 1.29999995 0.99849600 -2.70729113
0.71428573 1.39999998 0.99742639 -2.70237756
0.71428573 1.49999988 0.99585938 -2.69524074
0.71428573 1.60000002 0.99369979 -2.68550873
0.71428573 1.70000005 0.99082989 -2.67272639
0.71428573 1.79999995 0.98711115 -2.65639639
0.71428573 1.89999986 0.98243934 -2.63618040
0.71428573 2.00000000 0.97666758 -2.61163044
0.71428573 2.09999990 0.96967494 -2.58243060
0.71428573 2.20000005 0.96135253 -2.54837894
0.71428573 2.29999995 0.95155382 -2.50917578
0.71428573 2.39999986 0.94018513 -2.46469450
0.71428573 2.49999976 0.92714065 -2.41495061
0.71428573 2.59999990 0.91235197 -2.35998607
0.71428573 2.70000005 0.89570695 -2.29987216
0.71428573 2.79999995 0.87727231 -2.23501086
0.71428573 2.89999986 0.85698318 -2.16578078
0.71428573 2.99999976 0.83511513 -2.09325266
0.71428573 3.09999990 0.81151742 -2.01731706
0.71428573 3.20000005 0.78665769 -1.93959486
0.71428573 3.29999995 0.76070487 -1.86083841
0.71428573 3.40000010 0.73367423 -1.78111696
0.71428573 3.50000000 0.70629770 -1.70259023
0.71428573 3.59999990 0.67872292 -1.62550282
0.71428573 3.69999957 0.65119433 -1.55048621
0.71428573 3.79999995 0.62386751 -1.47778285
0.71428573 3.90000010 0.59741211 -1.40894532
0.71428573 4.00000000 0.57158762 -1.34310472
0.71428573 4.09999990 0.54652947 -1.28058052
0.91836733 0.10000000 1.00000000 -2.91836739
0.91836733 0.20000000 1.00000000 -2.91836739
0.91836733 0.30000001 1.00000000 -2.91836739
0.91836733 0.39999998 1.00000000 -2.91836739
0.91836733 0.50000000 1.00000000 -2.91836739
0.91836733 0.60000002 0.99999988 -2.91836667
0.91836733 0.69999993 0.99999845 -2.91835976
0.91836733 0.79999995 0.99999100 -2.91832304
0.91836733 0.89999998 0.99996418 -2.91819119
0.91836733 0.99999988 0.99989092 -2.91783214
0.91836733 1.10000002 0.99973398 -2.91706443
0.91836733 1.20000005 0.99943191 -2.91559148
0.91836733 1.29999995 0.99891973 -2.91310453
0.91836733 1.39999998 0.99811357 -2.90921021
0.91836733 1.49999988 0.99693191 -2.90353847
0.91836733 1.60000002 0.99527788 -2.89566708
0.91836733 1.70000005 0.99305564 -2.88517976
0.91836733 1.79999995 0.99016654 -2.87169600
0.91836733 1.89999986 0.98653901 -2.85494781
0.91836733 2.00000000 0.98202783 -2.83438492
0.91836733 2.09999990 0.97660106 -2.81001282
0.91836733 2.20000005 0.97010326 -2.78126335
0.91836733 2.29999995 0.96249592 -2.74815273
0.91836733 2.39999986 0.95368469 -2.71049833
0.91836733 2.49999976 0.94360059 -2.66820335
0.91836733 2.59999990 0.93220627 -2.62134647
0.91836733 2.70000005 0.91942656 -2.56986833
0.91836733 2.79999995 0.90521437 -2.51393795
0.91836733 2.89999986 0.88965505 -2.45395494
0.91836733 2.99999976 0.87270480 -2.39007998
0.91836733 3.09999990 0.85444605 -2.32292175
0.91836733 3.20000005 0.83494681 -2.25288844
0.91836733 3.29999995 0.81446970 -2.18098235
0.91836733 3.40000010 0.79295623 -2.10722947
0.91836733 3.50000000 0.77060056 -2.03239989
0.91836733 3.59999990 0.74760056 -1.95714247
0.91836733 3.69999957 0.72440416 -1.88285387
0.91836733 3.79999995 0.70096803 -1.80946457
0.91836733 3.90000010 0.67747128 -1.73743749
0.91836733 4.00000000 0.65411043 -1.66714740
0.91836733 4.09999990 0.63116050 -1.59951961
1.12244892 0.10000000 1.00000000 -3.12244892
1.12244892 0.20000000 1.00000000 -3.12244892
1.12244892 0.30000001 1.00000000 -3.12244892
1.12244892 0.39999998 1.00000000 -3.12244892
1.12244892 0.50000000 1.00000000 -3.12244892
1.12244892 0.60000002 0.99999994 -3.12244868
1.12244892 0.69999993 0.99999911 -3.12244439
1.12244892 0.79999995 0.99999440 -3.12242031
1.12244892 0.89999998 0.99997723 -3.12233233
1.12244892 0.99999988 0.99992836 -3.12208247
1.12244892 1.10000002 0.99981689 -3.12151361
1.12244892 1.20000005 0.99960202 -3.12041903
1.12244892 1.29999995 0.99922067 -3.11848259
1.12244892 1.39999998 0.99861252 -3.11540771
1.12244892 1.49999988 0.99770719 -3.11085320
1.12244892 1.60000002 0.99642527 -3.10444069
1.12244892 1.70000005 0.99468577 -3.09579825
1.12244892 1.79999995 0.99242741 -3.08466959
1.12244892 1.89999986 0.98953432 -3.07054305
1.12244892 2.00000000 0.98596174 -3.05327106
1.12244892 2.09999990 0.98164517 -3.03262329
1.12244892 2.20000005 0.97646767 -3.00815558
1.12244892 2.29999995 0.97039491 -2.97984076
1.12244892 2.39999986 0.96335816 -2.94748092
1.12244892 2.49999976 0.95532042 -2.91105199
1.12244892 2.59999990 0.94624174 -2.87056088
1.12244892 2.70000005 0.93600941 -2.82567120
1.12244892 2.79999995 0.92466712 -2.77676940
1.12244892 2.89999986 0.91219938 -2.72395754
1.12244892 2.99999976 0.89865208 -2.66761231
1.12244892 3.09999990 0.88396072 -2.60761786
1.12244892 3.20000005 0.86827999 -2.54483557
1.12244892 3.29999995 0.85152495 -2.47905087
1.12244892 3.40000010 0.83394027 -2.41131043
1.12244892 3.50000000 0.81555158 -2.34190297
1.12244892 3.59999990 0.79639661 -2.27092385
1.12244892 3.69999957 0.77666938 -2.19930387
1.12244892 3.79999995 0.75662589 -2.12777901
1.12244892 3.90000010 0.73626828 -2.05655050
1.12244892 4.00000000 0.71565372 -1.98575568
1.12244892 4.09999990 0.69523847 -1.91679907
1.32653058 0.10000000 1.00000000 -3.32653046
1.32653058 0.20000000 1.00000000 -3.32653046
1.32653058 0.30000001 1.00000000 -3.32653046
1.32653058 0.39999998 1.00000000 -3.32653046
1.32653058 0.50000000 1.00000000 -3.32653046
1.32653058 0.60000002 0.99999994 -3.32653022
1.32653058 0.69999993 0.99999952 -3.32652807
1.32653058 0.79999995 0.99999672 -3.32651329
1.32653058 0.89999998 0.99998552 -3.32645321
1.32653058 0.99999988 0.99995250 -3.32627773
1.32653058 1.10000002 0.99987441 -3.32586288
1.32653058 1.20000005 0.99971735 -3.32502937
1.32653058 1.29999995 0.99943435 -3.32353163
1.32653058 1.39999998 0.99897659 -3.32111502
1.32653058 1.49999988 0.99827707 -3.31743765
1.32653058 1.60000002 0.99727452 -3.31218886
1.32653058 1.70000005 0.99590665 -3.30506754
1.32653058 1.79999995 0.99410915 -3.29576826
1.32653058 1.89999986 0.99179900 -3.28390265
1.32653058 2.00000000 0.98892915 -3.26927638
1.32653058 2.09999990 0.98541814 -3.25153923
1.32653058 2.20000005 0.98124444 -3.23065901
1.32653058 2.29999995 0.97630513 -3.20619607
1.32653058 2.39999986 0.97060001 -3.17827582
1.32653058 2.49999976 0.96401864 -3.14641666
1.32653058 2.59999990 0.95657343 -3.11086512
1.32653058 2.70000005 0.94823343 -3.07155704
1.32653058 2.79999995 0.93897909 -3.02852845
1.32653058 2.89999986 0.92877561 -2.98178768
1.32653058 2.99999976 0.91758984 -2.93127251
1.32653058 3.09999990 0.90549827 -2.87759066
1.32653058 3.20000005 0.89254200 -2.82091808
1.32653058 3.29999995 0.87864029 -2.76108789
1.32653058 3.40000010 0.86399305 -2.69905186
1.32653058 3.50000000 0.84857500 -2.63485456
1.32653058 3.59999990 0.83239311 -2.56857061
1.32653058 3.69999957 0.81569797 -2.50130486
1.32653058 3.79999995 0.79844594 -2.43294454
1.32653058 3.90000010 0.78080517 -2.36413026
1.32653058 4.00000000 0.76274920 -2.29484177
1.32653058 4.09999990 0.74447078 -2.22581840
1.53061223 0.10000000 1.00000000 -3.53061223
1.53061223 0.20000000 1.00000000 -3.53061223
1.53061223 0.30000001 1.00000000 -3.53061223
1.53061223 0.39999998 1.00000000 -3.53061223
1.53061223 0.50000000 1.00000000 -3.53061223
1.53061223 0.60000002 1.00000000 -3.53061199
1.53061223 0.69999993 0.99999976 -3.53061104
1.53061223 0.79999995 0.99999797 -3.53060126
1.53061223 0.89999998 0.99999058 -3.53056026
1.53061223 0.99999988 0.99996859 -3.53043866
1.53061223 1.10000002 0.99991399 -3.53013730
1.53061223 1.20000005 0.99979991 -3.52950788
1.53061223 1.29999995 0.99959052 -3.52835464
1.53061223 1.39999998 0.99924141 -3.52643633
1.53061223 1.49999988 0.99870521 -3.52349830
1.53061223 1.60000002 0.99792069 -3.51921535
1.53061223 1.70000005 0.99683738 -3.51332617
1.53061223 1.79999995 0.99539083 -3.50550175
1.53061223 1.89999986 0.99353379 -3.49551558
1.53061223 2.00000000 0.99120247 -3.48305058
1.53061223 2.09999990 0.98835009 -3.46790814
1.53061223 2.20000005 0.98490942 -3.44979143
1.53061223 2.29999995 0.98087412 -3.42871642
1.53061223 2.39999986 0.97613204 -3.40417838
1.53061223 2.49999976 0.97071439 -3.37640572
1.53061223 2.59999990 0.96452230 -3.34502053
1.53061223 2.70000005 0.95760798 -3.31033397
1.53061223 2.79999995 0.94988900 -3.27205515
1.53061223 2.89999986 0.94139349 -3.23044348
1.53061223 2.99999976 0.93207133 -3.18532968
1.53061223 3.09999990 0.92194825 -3.13698125
1.53061223 3.20000005 0.91101837 -3.08546185
1.53061223 3.29999995 0.89932036 -3.03108931
1.53061223 3.40000010 0.88690501 -2.97412682
1.53061223 3.50000000 0.87379158 -2.91484356
1.53061223 3.59999990 0.85996234 -2.85316348
1.53061223 3.69999957 0.84565330 -2.79029536
1.53061223 3.79999995 0.83066946 -2.72539783
1.53061223 3.90000010 0.81530851 -2.65976620
1.53061223 4.00000000 0.79956782 -2.59342623
1.53061223 4.09999990 0.78348207 -2.52662539
1.73469388 0.10000000 1.00000000 -3.73469400
1.73469388 0.20000000 1.00000000 -3.73469400
1.73469388 0.30000001 1.00000000 -3.73469400
1.73469388 0.39999998 1.00000000 -3.73469400
1.73469388 0.50000000 1.00000000 -3.73469400
1.73469388 0.60000002 1.00000000 -3.73469400
1.73469388 0.69999993 0.99999982 -3.73469305
1.73469388 0.79999995 0.99999875 -3.73468685
1.73469388 0.89999998 0.99999422 -3.73466086
1.73469388 0.99999988 0.99997896 -3.73457313
1.73469388 1.10000002 0.99994040 -3.73435211
1.73469388 1.20000005 0.99985719 -3.73387623
1.73469388 1.29999995 0.99970180 -3.73298788
1.73469388 1.39999998 0.99943763 -3.73147964
1.73469388 1.49999988 0.99901772 -3.72908783
1.73469388 1.60000002 0.99840635 -3.72561550
1.73469388 1.70000005 0.99754024 -3.72071171
1.73469388 1.79999995 0.99638009 -3.71417093
1.73469388 1.89999986 0.99487722 -3.70573306
1.73469388 2.00000000 0.99297774 -3.69512820
1.73469388 2.09999990 0.99062383 -3.68205261
1.73469388 2.20000005 0.98778588 -3.66639233
1.73469388 2.29999995 0.98442924 -3.64799666
1.73469388 2.39999986 0.98048782 -3.62656665
1.73469388 2.49999976 0.97595817 -3.60213208
1.73469388 2.59999990 0.97078449 -3.57444763
1.73469388 2.70000005 0.96496910 -3.54362965
1.73469388 2.79999995 0.95846933 -3.50953102
1.73469388 2.89999986 0.95126134 -3.47207165
1.73469388 2.99999976 0.94339198 -3.43159294
1.73469388 3.09999990 0.93478316 -3.38780856
1.73469388 3.20000005 0.92550421 -3.34113026
1.73469388 3.29999995 0.91553301 -3.29153609
1.73469388 3.40000010 0.90487862 -3.23917842
1.73469388 3.50000000 0.89362562 -3.18455267
1.73469388 3.59999990 0.88175637 -3.12763596
1.73469388 3.69999957 0.86924577 -3.06836963
1.73469388 3.79999995 0.85627484 -3.00765061
1.73469388 3.90000010 0.84282935 -2.94552875
1.73469388 4.00000000 0.82893145 -2.88211417
1.73469388 4.09999990 0.81466883 -2.81786013
1.93877554 0.10000000 1.00000000 -3.93877554
1.93877554 0.20000000 1.00000000 -3.93877554
1.93877554 0.30000001 1.00000000 -3.93877554
1.93877554 0.39999998 1.00000000 -3.93877554
1.93877554 0.50000000 1.00000000 -3.93877554
1.93877554 0.60000002 1.00000000 -3.93877554
1.93877554 0.69999993 0.99999994 -3.93877506
1.93877554 0.79999995 0.99999923 -3.93877101
1.93877554 0.89999998 0.99999630 -3.93875360
1.93877554 0.99999988 0.99998593 -3.93869209
1.93877554 1.10000002 0.99995911 -3.93853307
1.93877554 1.20000005 0.99989939 -3.93817854
1.93877554 1.29999995 0.99978238 -3.93748546
1.93877554 1.39999998 0.99958163 -3.93629694
1.93877554 1.49999988 0.99925679 -3.93437719
1.93877554 1.60000002 0.99877566 -3.93154025
1.93877554 1.70000005 0.99809134 -3.92751527
1.93877554 1.79999995 0.99715239 -3.92201042
1.93877554 1.89999986 0.99592394 -3.91483521
1.93877554 2.00000000 0.99436682 -3.90577483
1.93877554 2.09999990 0.99241585 -3.89447808
1.93877554 2.20000005 0.99006724 -3.88095117
1.93877554 2.29999995 0.98726141 -3.86488104
1.93877554 2.39999986 0.98394060 -3.84598303
1.93877554 2.49999976 0.98013258 -3.82445025
1.93877554 2.59999990 0.97576892 -3.79996824
1.93877554 2.70000005 0.97083431 -3.77246833
1.93877554 2.79999995 0.96529835 -3.74189520
1.93877554 2.89999986 0.95919037 -3.70842242
1.93877554 2.99999976 0.95242774 -3.67169595
1.93877554 3.09999990 0.94506556 -3.63209271
1.93877554 3.20000005 0.93708742 -3.58958912
1.93877554 3.29999995 0.92850524 -3.54429722
1.93877554 3.40000010 0.91930342 -3.49624252
1.93877554 3.50000000 0.90952313 -3.44569302
1.93877554 3.59999990 0.89918208 -3.39280772
1.93877554 3.69999957 0.88832164 -3.33784366
1.93877554 3.79999995 0.87691236 -3.28074074
1.93877554 3.90000010 0.86506546 -3.22208834
1.93877554 4.00000000 0.85277194 -3.16188312
1.93877554 4.09999990 0.84011519 -3.10059190
2.14285707 0.10000000 1.00000000 -4.14285707
2.14285707 0.20000000 1.00000000 -4.14285707
2.14285707 0.30000001 1.00000000 -4.14285707
2.14285707 0.39999998 1.00000000 -4.14285707
2.14285707 0.50000000 1.00000000 -4.14285707
2.14285707 0.60000002 1.00000000 -4.14285707
2.14285707 0.69999993 0.99999994 -4.14285660
2.14285707 0.79999995 0.99999958 -4.14285469
2.14285707 0.89999998 0.99999762 -4.14284229
2.14285707 0.99999988 0.99999082 -4.14280033
2.14285707 1.10000002 0.99997157 -4.14268255
2.14285707 1.20000005 0.99992740 -4.14241123
2.14285707 1.29999995 0.99984121 -4.14188290
2.14285707 1.39999998 0.99968743 -4.14094019
2.14285707 1.49999988 0.99943691 -4.13940716
2.14285707 1.60000002 0.99905586 -4.13707876
2.14285707 1.70000005 0.99850756 -4.13373613
2.14285707 1.79999995 0.99775147 -4.12913656
2.14285707 1.89999986 0.99674726 -4.12304497
2.14285707 2.00000000 0.99546200 -4.11527872
2.14285707 2.09999990 0.99385720 -4.10561466
2.14285707 2.20000005 0.99187958 -4.09375477
2.14285707 2.29999995 0.98952848 -4.07972908
2.14285707 2.39999986 0.98674542 -4.06320953
2.14285707 2.49999976 0.98349953 -4.04404831
2.14285707 2.59999990 0.97979575 -4.02231598
2.14285707 2.70000005 0.97556162 -3.99763680
2.14285707 2.79999995 0.97084379 -3.97032905
2.14285707 2.89999986 0.96557224 -3.94002366
2.14285707 2.99999976 0.95978338 -3.90700459
2.14285707 3.09999990 0.95343107 -3.87106395
2.14285707 3.20000005 0.94651937 -3.83228111
2.14285707 3.29999995 0.93905401 -3.79071689
2.14285707 3.40000010 0.93105173 -3.74655771
2.14285707 3.50000000 0.92252052 -3.69994164
2.14285707 3.59999990 0.91345638 -3.65081525
2.14285707 3.69999957 0.90388590 -3.59948564
2.14285707 3.79999995 0.89389497 -3.54638982
2.14285707 3.90000010 0.88339019 -3.49105906
2.14285707 4.00000000 0.87248451 -3.43418646
2.14285707 4.09999990 0.86123544 -3.37613869
2.34693885 0.10000000 1.00000000 -4.34693909
2.34693885 0.20000000 1.00000000 -4.34693909
2.34693885 0.30000001 1.00000000 -4.34693909
2.34693885 0.39999998 1.00000000 -4.34693909
2.34693885 0.50000000 1.00000000 -4.34693909
2.34693885 0.60000002 1.00000000 -4.34693909
2.34693885 0.69999993 1.00000000 -4.34693909
2.34693885 0.79999995 0.99999976 -4.34693766
2.34693885 0.89999998 0.99999851 -4.34692955
2.34693885 0.99999988 0.99999380 -4.34689951
2.34693885 1.10000002 0.99998057 -4.34681559
2.34693885 1.20000005 0.99994856 -4.34661245
2.34693885 1.29999995 0.99988478 -4.34620810
2.34693885 1.39999998 0.99976695 -4.34546137
2.34693885 1.49999988 0.99957317 -4.34423494
2.34693885 1.60000002 0.99927199 -4.34233093
2.34693885 1.70000005 0.99883270 -4.33955812
2.34693885 1.79999995 0.99821705 -4.33568096
2.34693885 1.89999986 0.99739844 -4.33053637
2.34693885 2.00000000 0.99634165 -4.32391119
2.34693885 2.09999990 0.99499226 -4.31548405
2.34693885 2.20000005 0.99334836 -4.30524969
2.34693885 2.29999995 0.99136525 -4.29295301
2.34693885 2.39999986 0.98899657 -4.27832985
2.34693885 2.49999976 0.98624396 -4.26141453
2.34693885 2.59999990 0.98308080 -4.24208307
2.34693885 2.70000005 0.97944885 -4.21999741
2.34693885 2.79999995 0.97538698 -4.19545269
2.34693885 2.89999986 0.97083080 -4.16808653
2.34693885 2.99999976 0.96581727 -4.13816643
2.34693885 3.09999990 0.96030360 -4.10548162
2.34693885 3.20000005 0.95426625 -4.06996346
2.34693885 3.29999995 0.94776243 -4.03197241
2.34693885 3.40000010 0.94078302 -3.99150348
2.34693885 3.50000000 0.93327630 -3.94830227
2.34693885 3.59999990 0.92529607 -3.90277815
2.34693885 3.69999957 0.91681921 -3.85482311
2.34693885 3.79999995 0.90798497 -3.80523992
2.34693885 3.90000010 0.89866114 -3.75332856
2.34693885 4.00000000 0.88896358 -3.69983578
2.34693885 4.09999990 0.87884289 -3.64452124
2.55102038 0.10000000 1.00000000 -4.55102062
2.55102038 0.20000000 1.00000000 -4.55102062
2.55102038 0.30000001 1.00000000 -4.55102062
2.55102038 0.39999998 1.00000000 -4.55102062
2.55102038 0.50000000 1.00000000 -4.55102062
2.55102038 0.60000002 1.00000000 -4.55102062
2.55102038 0.69999993 1.00000000 -4.55102062
2.55102038 0.79999995 0.99999982 -4.55101967
2.55102038 0.89999998 0.99999905 -4.55101442
2.55102038 0.99999988 0.99999601 -4.55099392
2.55102038 1.10000002 0.99998671 -4.55093336
2.55102038 1.20000005 0.99996358 -4.55078173
2.55102038 1.29999995 0.99991518 -4.55046511
2.55102038 1.39999998 0.99982584 -4.54988050
2.55102038 1.49999988 0.99967343 -4.54888391
2.55102038 1.60000002 0.99943644 -4.54733610
2.55102038 1.70000005 0.99908507 -4.54504442
2.55102038 1.79999995 0.99858946 -4.54181623
2.55102038 1.89999986 0.99792206 -4.53747797
2.55102038 2.00000000 0.99704123 -4.53176451
2.55102038 2.09999990 0.99591535 -4.52448082
2.55102038 2.20000005 0.99453682 -4.51558924
2.55102038 2.29999995 0.99286240 -4.50482607
2.55102038 2.39999986 0.99084711 -4.49191332
2.55102038 2.49999976 0.98850483 -4.47697210
2.55102038 2.59999990 0.98578441 -4.45968914
2.55102038 2.70000005 0.98265719 -4.43991995
2.55102038 2.79999995 0.97914678 -4.41783571
2.55102038 2.89999986 0.97521508 -4.39323139
2.55102038 2.99999976 0.97083127 -4.36595631
2.55102038 3.09999990 0.96601963 -4.33619261
2.55102038 3.20000005 0.96074724 -4.30377436
2.55102038 3.29999995 0.95502168 -4.26880455
2.55102038 3.40000010 0.94888020 -4.23153925
2.55102038 3.50000000 0.94224620 -4.19157171
2.55102038 3.59999990 0.93519199 -4.14935923
2.55102038 3.69999957 0.92773861 -4.10505486
2.55102038 3.79999995 0.91981030 -4.05831099
2.55102038 3.90000010 0.91150343 -4.00967646
2.55102038 4.00000000 0.90280026 -3.95914483
2.55102038 4.09999990 0.89375383 -3.90701985
2.75510216 0.10000000 1.00000000 -4.75510216
2.75510216 0.20000000 1.00000000 -4.75510216
2.75510216 0.30000001 1.00000000 -4.75510216
2.75510216 0.39999998 1.00000000 -4.75510216
2.75510216 0.50000000 1.00000000 -4.75510216
2.75510216 0.60000002 1.00000000 -4.75510216
2.75510216 0.69999993 1.00000000 -4.75510216
2.75510216 0.79999995 0.99999994 -4.75510168
2.75510216 0.89999998 0.99999934 -4.75509787
2.75510216 0.99999988 0.99999738 -4.75508451
2.75510216 1.10000002 0.99999076 -4.75503969
2.75510216 1.20000005 0.99997377 -4.75492525
2.75510216 1.29999995 0.99993879 -4.75468874
2.75510216 1.39999998 0.99987096 -4.75423145
2.75510216 1.49999988 0.99975389 -4.75344133
2.75510216 1.60000002 0.99956512 -4.75216913
2.75510216 1.70000005 0.99928439 -4.75027847
2.75510216 1.79999995 0.99888098 -4.74756622
2.75510216 1.89999986 0.99832773 -4.74385166
2.75510216 2.00000000 0.99759668 -4.73895216
2.75510216 2.09999990 0.99667078 -4.73276043
2.75510216 2.20000005 0.99549425 -4.72491074
2.75510216 2.29999995 0.99407512 -4.71546888
2.75510216 2.39999986 0.99237353 -4.70418310
2.75510216 2.49999976 0.99035698 -4.69084978
2.75510216 2.59999990 0.98800570 -4.67537022
2.75510216 2.70000005 0.98532653 -4.65779114
2.75510216 2.79999995 0.98226643 -4.63780594
2.75510216 2.89999986 0.97883350 -4.61548948
2.75510216 2.99999976 0.97501737 -4.59079218
2.75510216 3.09999990 0.97078645 -4.56355667
2.75510216 3.20000005 0.96617192 -4.53402233
2.75510216 3.29999995 0.96114045 -4.50198078
2.75510216 3.40000010 0.95569676 -4.46752548
2.75510216 3.50000000 0.94984806 -4.43073750
2.75510216 3.59999990 0.94358224 -4.39155340
2.75510216 3.69999957 0.93689728 -4.35001135
2.75510216 3.79999995 0.92986494 -4.30661106
2.75510216 3.90000010 0.92241973 -4.26096487
2.75510216 4.00000000 0.91464072 -4.21359873
2.75510216 4.09999990 0.90647042 -4.16420031
2.95918369 0.10000000 1.00000000 -4.95918369
2.95918369 0.20000000 1.00000000 -4.95918369
2.95918369 0.30000001 1.00000000 -4.95918369
2.95918369 0.39999998 1.00000000 -4.95918369
2.95918369 0.50000000 1.00000000 -4.95918369
2.95918369 0.60000002 1.00000000 -4.95918369
2.95918369 0.69999993 1.00000000 -4.95918369
2.95918369 0.79999995 0.99999994 -4.95918322
2.95918369 0.89999998 0.99999964 -4.95918083
2.95918369 0.99999988 0.99999821 -4.95917130
2.95918369 1.10000002 0.99999350 -4.95913839
2.95918369 1.20000005 0.99998188 -4.95905733
2.95918369 1.29999995 0.99995559 -4.95887470
2.95918369 1.39999998 0.99990362 -4.95851326
2.95918369 1.49999988 0.99981266 -4.95788097
2.95918369 1.60000002 0.99966472 -4.95685291
2.95918369 1.70000005 0.99943733 -4.95527458
2.95918369 1.79999995 0.99911076 -4.95300961
2.95918369 1.89999986 0.99865657 -4.94986391
2.95918369 2.00000000 0.99805492 -4.94570255
2.95918369 2.09999990 0.99727225 -4.94029903
2.95918369 2.20000005 0.99629354 -4.93355560
2.95918369 2.29999995 0.99508399 -4.92524195
2.95918369 2.39999986 0.99363023 -4.91527462
2.95918369 2.49999976 0.99190569 -4.90348482
2.95918369 2.59999990 0.98988116 -4.88968563
2.95918369 2.70000005 0.98754144 -4.87380075
2.95918369 2.79999995 0.98488456 -4.85581923
2.95918369 2.89999986 0.98188865 -4.83562374
2.95918369 2.99999976 0.97856641 -4.81332541
2.95918369 3.09999990 0.97485679 -4.78854609
2.95918369 3.20000005 0.97076839 -4.76135254
2.95918369 3.29999995 0.96632838 -4.73196650
2.95918369 3.40000010 0.96150082 -4.70018530
2.95918369 3.50000000 0.95627397 -4.66595316
2.95918369 3.59999990 0.95073247 -4.62984562
2.95918369 3.69999957 0.94474310 -4.59106493
2.95918369 3.79999995 0.93844682 -4.55051231
2.95918369 3.90000010 0.93174946 -4.50765467
2.95918369 4.00000000 0.92475456 -4.46315050
2.95918369 4.09999990 0.91741860 -4.41676617
3.16326523 0.10000000 1.00000000 -5.16326523
3.16326523 0.20000000 1.00000000 -5.16326523
3.16326523 0.30000001 1.00000000 -5.16326523
3.16326523 0.39999998 1.00000000 -5.16326523
3.16326523 0.50000000 1.00000000 -5.16326523
3.16326523 0.60000002 1.00000000 -5.16326523
3.16326523 0.69999993 1.00000000 -5.16326523
3.16326523 0.79999995 1.00000000 -5.16326523
3.16326523 0.89999998 0.99999976 -5.16326332
3.16326523 0.99999988 0.99999881 -5.16325665
3.16326523 1.10000002 0.99999547 -5.16323280
3.16326523 1.20000005 0.99998695 -5.16317177
3.16326523 1.29999995 0.99996758 -5.16303301
3.16326523 1.39999998 0.99992824 -5.16275120
3.16326523 1.49999988 0.99985778 -5.16224718
3.16326523 1.60000002 0.99974048 -5.16140795
3.16326523 1.70000005 0.99955666 -5.16009378
3.16326523 1.79999995 0.99929333 -5.15821218
3.16326523 1.89999986 0.99892068 -5.15555286
3.16326523 2.00000000 0.99841917 -5.15197802
3.16326523 2.09999990 0.99776816 -5.14734459
3.16326523 2.20000005 0.99693537 -5.14142609
3.16326523 2.29999995 0.99591124 -5.13416433
3.16326523 2.39999986 0.99467039 -5.12538290
3.16326523 2.49999976 0.99318159 -5.11487293
3.16326523 2.59999990 0.99143738 -5.10259247
3.16326523 2.70000005 0.98940480 -5.08832407
3.16326523 2.79999995 0.98710215 -5.07220936
3.16326523 2.89999986 0.98447394 -5.05388260
3.16326523 2.99999976 0.98154157 -5.03350830
3.16326523 3.09999990 0.97826886 -5.01085758
3.16326523 3.20000005 0.97467393 -4.98608160
3.16326523 3.29999995 0.97073162 -4.95901775
3.16326523 3.40000010 0.96643937 -4.92969942
3.16326523 3.50000000 0.96178758 -4.89807081
3.16326523 3.59999990 0.95679826 -4.86430788
3.16326523 3.69999957 0.95149130 -4.82857275
3.16326523 3.79999995 0.94580472 -4.79048204
3.16326523 3.90000010 0.93981618 -4.75058460
3.16326523 4.00000000 0.93348581 -4.70862961
3.16326523 4.09999990 0.92680758 -4.66461658
3.36734700 0.10000000 1.00000000 -5.36734676
3.36734700 0.20000000 1.00000000 -5.36734676
3.36734700 0.30000001 1.00000000 -5.36734676
3.36734700 0.39999998 1.00000000 -5.36734676
3.36734700 0.50000000 1.00000000 -5.36734676
3.36734700 0.60000002 1.00000000 -5.36734676
3.36734700 0.69999993 1.00000000 -5.36734676
3.36734700 0.79999995 1.00000000 -5.36734676
3.36734700 0.89999998 0.99999988 -5.36734581
3.36734700 0.99999988 0.99999917 -5.36734056
3.36734700 1.10000002 0.99999684 -5.36732388
3.36734700 1.20000005 0.99999070 -5.36727858
3.36734700 1.29999995 0.99997622 -5.36717176
3.36734700 1.39999998 0.99994618 -5.36695051
3.36734700 1.49999988 0.99989223 -5.36655331
3.36734700 1.60000002 0.99979931 -5.36586952
3.36734700 1.70000005 0.99965382 -5.36479902
3.36734700 1.79999995 0.99943775 -5.36321068
3.36734700 1.89999986 0.99913222 -5.36096525
3.36734700 2.00000000 0.99871820 -5.35792732
3.36734700 2.09999990 0.99816954 -5.35390568
3.36734700 2.20000005 0.99747092 -5.34879160
3.36734700 2.29999995 0.99659950 -5.34242535
3.36734700 2.39999986 0.99553627 -5.33466959
3.36734700 2.49999976 0.99425405 -5.32533503
3.36734700 2.59999990 0.99273556 -5.31430721
3.36734700 2.70000005 0.99098718 -5.30164194
3.36734700 2.79999995 0.98895788 -5.28698492
3.36734700 2.89999986 0.98666555 -5.27047014
3.36734700 2.99999976 0.98407209 -5.25184727
3.36734700 3.09999990 0.98119009 -5.23122644
3.36734700 3.20000005 0.97800559 -5.20851994
3.36734700 3.29999995 0.97450298 -5.18364477
3.36734700 3.40000010 0.97066909 -5.15652037
3.36734700 3.50000000 0.96652460 -5.12731171
3.36734700 3.59999990 0.96207815 -5.09612799
3.36734700 3.69999957 0.95730346 -5.06277514
3.36734700 3.79999995 0.95220357 -5.02733135
3.36734700 3.90000010 0.94678962 -4.98986053
3.36734700 4.00000000 0.94105291 -4.95037937
3.36734700 4.09999990 0.93501598 -4.90901518
3.57142854 0.10000000 1.00000000 -5.57142830
3.57142854 0.20000000 1.00000000 -5.57142830
3.57142854 0.30000001 1.00000000 -5.57142830
3.57142854 0.39999998 1.00000000 -5.57142830
3.57142854 0.50000000 1.00000000 -5.57142830
3.57142854 0.60000002 1.00000000 -5.57142830
3.57142854 0.69999993 1.00000000 -5.57142830
3.57142854 0.79999995 1.00000000 -5.57142830
3.57142854 0.89999998 0.99999988 -5.57142735
3.57142854 0.99999988 0.99999940 -5.57142401
3.57142854 1.10000002 0.99999791 -5.57141256
3.57142854 1.20000005 0.99999338 -5.57137871
3.57142854 1.29999995 0.99998242 -5.57129526
3.57142854 1.39999998 0.99995917 -5.57111931
3.57142854 1.49999988 0.99991763 -5.57080507
3.57142854 1.60000002 0.99984413 -5.57024908
3.57142854 1.70000005 0.99972832 -5.56937313
3.57142854 1.79999995 0.99955153 -5.56803703
3.57142854 1.89999986 0.99930263 -5.56615639
3.57142854 2.00000000 0.99895769 -5.56355286
3.57142854 2.09999990 0.99850076 -5.56010628
3.57142854 2.20000005 0.99791050 -5.55566168
3.57142854 2.29999995 0.99716455 -5.55005074
3.57142854 2.39999986 0.99625319 -5.54320621
3.57142854 2.49999976 0.99514788 -5.53491974
3.57142854 2.59999990 0.99383819 -5.52512121
3.57142854 2.70000005 0.99230820 -5.51369953
3.57142854 2.79999995 0.99054092 -5.50053549
3.57142854 2.89999986 0.98853195 -5.48561049
3.57142854 2.99999976 0.98624921 -5.46870184
3.57142854 3.09999990 0.98371112 -5.44995070
3.57142854 3.20000005 0.98086834 -5.42902470
3.57142854 3.29999995 0.97774673 -5.40611553
3.57142854 3.40000010 0.97435784 -5.38133574
3.57142854 3.50000000 0.97063094 -5.35417271
3.57142854 3.59999990 0.96663409 -5.32516623
3.57142854 3.69999957 0.96233195 -5.29406548
3.57142854 3.79999995 0.95772094 -5.26086760
3.57142854 3.90000010 0.95283830 -5.22586203
3.57142854 4.00000000 0.94764602 -5.18880653
3.57142854 4.09999990 0.94218421 -5.14999628
3.77551031 0.10000000 1.00000000 -5.77551031
3.77551031 0.20000000 1.00000000 -5.77551031
3.77551031 0.30000001 1.00000000 -5.77551031
3.77551031 0.39999998 1.00000000 -5.77551031
3.77551031 0.50000000 1.00000000 -5.77551031
3.77551031 0.60000002 1.00000000 -5.77551031
3.77551031 0.69999993 1.00000000 -5.77551031
3.77551031 0.79999995 1.00000000 -5.77551031
3.77551031 0.89999998 0.99999994 -5.77550983
3.77551031 0.99999988 0.99999964 -5.77550793
3.77551031 1.10000002 0.99999863 -5.77549982
3.77551031 1.20000005 0.99999529 -5.77547407
3.77551031 1.29999995 0.99998695 -5.77540874
3.77551031 1.39999998 0.99996990 -5.77527666
3.77551031 1.49999988 0.99993694 -5.77502012
3.77551031 1.60000002 0.99987882 -5.77456856
3.77551031 1.70000005 0.99978644 -5.77385092
3.77551031 1.79999995 0.99964517 -5.77275372
3.77551031 1.89999986 0.99943942 -5.77115679
3.77551031 2.00000000 0.99915230 -5.76892900
3.77551031 2.09999990 0.99876630 -5.76593828
3.77551031 2.20000005 0.99826980 -5.76209259
3.77551031 2.29999995 0.99763358 -5.75717306
3.77551031 2.39999986 0.99685234 -5.75113869
3.77551031 2.49999976 0.99589652 -5.74376917
3.77551031 2.59999990 0.99476850 -5.73508358
3.77551031 2.70000005 0.99343413 -5.72483015
3.77551031 2.79999995 0.99188840 -5.71297646
3.77551031 2.89999986 0.99011314 -5.69939041
3.77551031 2.99999976 0.98810607 -5.68406963
3.77551031 3.09999990 0.98584610 -5.66686249
3.77551031 3.20000005 0.98333049 -5.64776707
3.77551031 3.29999995 0.98054719 -5.62668848
3.77551031 3.40000010 0.97750491 -5.60372877
3.77551031 3.50000000 0.97418863 -5.57878733
3.77551031 3.59999990 0.97057849 -5.55172300
3.77551031 3.69999957 0.96672183 -5.52291965
3.77551031 3.79999995 0.96254033 -5.49179459
3.77551031 3.90000010 0.95812893 -5.45908213
3.77551031 4.00000000 0.95342153 -5.42432261
3.77551031 4.09999990 0.94844282 -5.38769913
3.97959185 0.10000000 1.00000000 -5.97959185
3.97959185 0.20000000 1.00000000 -5.97959185
3.97959185 0.30000001 1.00000000 -5.97959185
3.97959185 0.39999998 1.00000000 -5.97959185
3.97959185 0.50000000 1.00000000 -5.97959185
3.97959185 0.60000002 1.00000000 -5.97959185
3.97959185 0.69999993 1.00000000 -5.97959185
3.97959185 0.79999995 1.00000000 -5.97959185
3.97959185 0.89999998 0.99999994 -5.97959137
3.97959185 0.99999988 0.99999976 -5.97958994
3.97959185 1.10000002 0.99999905 -5.97958422
3.97959185 1.20000005 0.99999648 -5.97956371
3.97959185 1.29999995 0.99999064 -5.97951698
3.97959185 1.39999998 0.99997765 -5.97941351
3.97959185 1.49999988 0.99995250 -5.97921276
3.97959185 1.60000002 0.99990684 -5.97884846
3.97959185 1.70000005 0.99983263 -5.97825670
3.97959185 1.79999995 0.99971658 -5.97733212
3.97959185 1.89999986 0.99954653 -5.97597647
3.97959185 2.00000000 0.99930984 -5.97409153
3.97959185 2.09999990 0.99898714 -5.97152328
3.97959185 2.20000005 0.99857008 -5.96820688
3.97959185 2.29999995 0.99802715 -5.96389294
3.97959185 2.39999986 0.99735516 -5.95856047
3.97959185 2.49999976 0.99654126 -5.95210886
3.97959185 2.59999990 0.99554831 -5.94424915
3.97959185 2.70000005 0.99438089 -5.93502712
3.97959185 2.79999995 0.99302953 -5.92436838
3.97959185 2.89999986 0.99147135 -5.91210222
3.97959185 2.99999976 0.98969382 -5.89813709
3.97959185 3.09999990 0.98769951 -5.88250923
3.97959185 3.20000005 0.98546666 -5.86504602
3.97959185 3.29999995 0.98297995 -5.84565353
3.97959185 3.40000010 0.98025751 -5.82448101
3.97959185 3.50000000 0.97727984 -5.80138874
3.97959185 3.59999990 0.97404736 -5.77640152
3.97959185 3.69999957 0.97054398 -5.74940062
3.97959185 3.79999995 0.96679097 -5.72057629
3.97959185 3.90000010 0.96276861 -5.68978024
3.97959185 4.00000000 0.95849317 -5.65716362
3.97959185 4.09999990 0.95392561 -5.62246513
4.18367338 0.10000000 1.00000000 -6.18367338
4.18367338 0.20000000 1.00000000 -6.18367338
4.18367338 0.30000001 1.00000000 -6.18367338
4.18367338 0.39999998 1.00000000 -6.18367338
4.18367338 0.50000000 1.00000000 -6.18367338
4.18367338 0.60000002 1.00000000 -6.18367338
4.18367338 0.69999993 1.00000000 -6.18367338
4.18367338 0.79999995 1.00000000 -6.18367338
4.18367338 0.89999998 1.00000000 -6.18367338
4.18367338 0.99999988 0.99999982 -6.18367195
4.18367338 1.10000002 0.99999928 -6.18366766
4.18367338 1.20000005 0.99999762 -6.18365383
4.18367338 1.29999995 0.99999309 -6.18361712
4.18367338 1.39999998 0.99998337 -6.18353701
4.18367338 1.49999988 0.99996299 -6.18337059
4.18367338 1.60000002 0.99992758 -6.18308067
4.18367338 1.70000005 0.99986881 -6.18260002
4.18367338 1.79999995 0.99977422 -6.18182659
4.18367338 1.89999986 0.99963582 -6.18069506
4.18367338 2.00000000 0.99943763 -6.17907619
4.18367338 2.09999990 0.99916840 -6.17687702
4.18367338 2.20000005 0.99880952 -6.17394829
4.18367338 2.29999995 0.99835289 -6.17022419
4.18367338 2.39999986 0.99777955 -6.16555405
4.18367338 2.49999976 0.99707019 -6.15978098
4.18367338 2.59999990 0.99621856 -6.15285873
4.18367338 2.70000005 0.99519467 -6.14454842
4.18367338 2.79999995 0.99401486 -6.13498640
4.18367338 2.89999986 0.99264282 -6.12388515
4.18367338 2.99999976 0.99106729 -6.11116219
4.18367338 3.09999990 0.98929697 -6.09689713
4.18367338 3.20000005 0.98729920 -6.08082819
4.18367338 3.29999995 0.98508394 -6.06305122
4.18367338 3.40000010 0.98264551 -6.04353237
4.18367338 3.50000000 0.97996873 -6.02216148
4.18367338 3.59999990 0.97704947 -5.99892235
4.18367338 3.69999957 0.97389001 -5.97383785
4.18367338 3.79999995 0.97047991 -5.94682980
4.18367338 3.90000010 0.96685201 -5.91820717
4.18367338 4.00000000 0.96294254 -5.88744736
4.18367338 4.09999990 0.95882684 -5.85517359
4.38775492 0.10000000 1.00000000 -6.38775492
4.38775492 0.20000000 1.00000000 -6.38775492
4.38775492 0.30000001 1.00000000 -6.38775492
4.38775492 0.39999998 1.00000000 -6.38775492
4.38775492 0.50000000 1.00000000 -6.38775492
4.38775492 0.60000002 1.00000000 -6.38775492
4.38775492 0.69999993 1.00000000 -6.38775492
4.38775492 0.79999995 1.00000000 -6.38775492
4.38775492 0.89999998 1.00000000 -6.38775492
4.38775492 0.99999988 0.99999988 -6.38775396
4.38775492 1.10000002 0.99999958 -6.38775110
4.38775492 1.20000005 0.99999833 -6.38774061
4.38775492 1.29999995 0.99999499 -6.38771248
4.38775492 1.39999998 0.99998736 -6.38764906
4.38775492 1.49999988 0.99997216 -6.38752127
4.38775492 1.60000002 0.99994421 -6.38728714
4.38775492 1.70000005 0.99989647 -6.38688707
4.38775492 1.79999995 0.99981970 -6.38624334
4.38775492 1.89999986 0.99970484 -6.38528061
4.38775492 2.00000000 0.99954152 -6.38391209
4.38775492 2.09999990 0.99931556 -6.38202000
4.38775492 2.20000005 0.99901289 -6.37948704
4.38775492 2.29999995 0.99862295 -6.37622595
4.38775492 2.39999986 0.99813050 -6.37211132
4.38775492 2.49999976 0.99752033 -6.36701584
4.38775492 2.59999990 0.99677449 -6.36079502
4.38775492 2.70000005 0.99589139 -6.35343838
4.38775492 2.79999995 0.99484980 -6.34477472
4.38775492 2.89999986 0.99363720 -6.33470201
4.38775492 2.99999976 0.99225157 -6.32320976
4.38775492 3.09999990 0.99067581 -6.31016016
4.38775492 3.20000005 0.98889893 -6.29547930
4.38775492 3.29999995 0.98692203 -6.27917385
4.38775492 3.40000010 0.98473018 -6.26114035
4.38775492 3.50000000 0.98232818 -6.24142170
4.38775492 3.59999990 0.97968435 -6.21976805
4.38775492 3.69999957 0.97683603 -6.19649029
4.38775492 3.79999995 0.97374982 -6.17133951
4.38775492 3.90000010 0.97043550 -6.14441204
4.38775492 4.00000000 0.96690762 -6.11584044
4.38775492 4.09999990 0.96313065 -6.08533335
4.59183693 0.10000000 1.00000000 -6.59183693
4.59183693 0.20000000 1.00000000 -6.59183693
4.59183693 0.30000001 1.00000000 -6.59183693
4.59183693 0.39999998 1.00000000 -6.59183693
4.59183693 0.50000000 1.00000000 -6.59183693
4.59183693 0.60000002 1.00000000 -6.59183693
4.59183693 0.69999993 1.00000000 -6.59183693
4.59183693 0.79999995 1.00000000 -6.59183693
4.59183693 0.89999998 1.00000000 -6.59183693
4.59183693 0.99999988 0.99999994 -6.59183645
4.59183693 1.10000002 0.99999964 -6.59183407
4.59183693 1.20000005 0.99999887 -6.59182739
4.59183693 1.29999995 0.99999630 -6.59180546
4.59183693 1.39999998 0.99999052 -6.59175587
4.59183693 1.49999988 0.99997872 -6.59165430
4.59183693 1.60000002 0.99995667 -6.59146452
4.59183693 1.70000005 0.99991816 -6.59113407
4.59183693 1.79999995 0.99985635 -6.59060287
4.59183693 1.89999986 0.99976319 -6.58980322
4.59183693 2.00000000 0.99962789 -6.58864212
4.59183693 2.09999990 0.99943644 -6.58699942
4.59183693 2.20000005 0.99918419 -6.58483601
4.59183693 2.29999995 0.99884945 -6.58196688
4.59183693 2.39999986 0.99842656 -6.57834387
4.59183693 2.49999976 0.99789572 -6.57380056
4.59183693 2.59999990 0.99725699 -6.56833887
4.59183693 2.70000005 0.99647349 -6.56164455
4.59183693 2.79999995 0.99556249 -6.55387354
4.59183693 2.89999986 0.99450076 -6.54482460
4.59183693 2.99999976 0.99327070 -6.53435612
4.59183693 3.09999990 0.99186182 -6.52238607
4.59183693 3.20000005 0.99028802 -6.50903606
4.59183693 3.29999995 0.98851520 -6.49402189
4.59183693 3.40000010 0.98654521 -6.47737789
4.59183693 3.50000000 0.98437810 -6.45909357
4.59183693 3.59999990 0.98201060 -6.43917656
4.59183693 3.69999957 0.97941917 -6.41741514
4.59183693 3.79999995 0.97662526 -6.39400530
4.59183693 3.90000010 0.97361714 -6.36887026
4.59183693 4.00000000 0.97038198 -6.34192038
4.59183693 4.09999990 0.96694118 -6.31332111
4.79591846 0.10000000 1.00000000 -6.79591846
4.79591846 0.20000000 1.00000000 -6.79591846
4.79591846 0.30000001 1.00000000 -6.79591846
4.79591846 0.39999998 1.00000000 -6.79591846
4.79591846 0.50000000 1.00000000 -6.79591846
4.79591846 0.60000002 1.00000000 -6.79591846
4.79591846 0.69999993 1.00000000 -6.79591846
4.79591846 0.79999995 1.00000000 -6.79591846
4.79591846 0.89999998 1.00000000 -6.79591846
4.79591846 0.99999988 0.99999994 -6.79591799
4.79591846 1.10000002 0.99999976 -6.79591656
4.79591846 1.20000005 0.99999917 -6.79591131
4.79591846 1.29999995 0.99999732 -6.79589462
4.79591846 1.39999998 0.99999297 -6.79585695
4.79591846 1.49999988 0.99998397 -6.79577732
4.79591846 1.60000002 0.99996668 -6.79562521
4.79591846 1.70000005 0.99993557 -6.79535198
4.79591846 1.79999995 0.99988699 -6.79492474
4.79591846 1.89999986 0.99980974 -6.79424572
4.79591846 2.00000000 0.99969590 -6.79324532
4.79591846 2.09999990 0.99953651 -6.79184484
4.79591846 2.20000005 0.99932224 -6.78996229
4.79591846 2.29999995 0.99903852 -6.78747177
4.79591846 2.39999986 0.99867314 -6.78426600
4.79591846 2.49999976 0.99821734 -6.78026962
4.79591846 2.59999990 0.99765795 -6.77536964
4.79591846 2.70000005 0.99698108 -6.76944351
4.79591846 2.79999995 0.99617767 -6.76241875
4.79591846 2.89999986 0.99524081 -6.75423241
4.79591846 2.99999976 0.99415290 -6.74474287
4.79591846 3.09999990 0.99290574 -6.73387766
4.79591846 3.20000005 0.99149430 -6.72160101
4.79591846 3.29999995 0.98991311 -6.70786238
4.79591846 3.40000010 0.98814350 -6.69251823
4.79591846 3.50000000 0.98619455 -6.67564535
4.79591846 3.59999990 0.98405242 -6.65714025
4.79591846 3.69999957 0.98170614 -6.63691664
4.79591846 3.79999995 0.97916514 -6.61505699
4.79591846 3.90000010 0.97641826 -6.59148073
4.79591846 4.00000000 0.97347367 -6.56625891
4.79591846 4.09999990 0.97033000 -6.53940439
5.00000000 0.10000000 1.00000000 -7.00000000
5.00000000 0.20000000 1.00000000 -7.00000000
5.00000000 0.30000001 1.00000000 -7.00000000
5.00000000 0.39999998 1.00000000 -7.00000000
5.00000000 0.50000000 1.00000000 -7.00000000
5.00000000 0.60000002 1.00000000 -7.00000000
5.00000000 0.69999993 1.00000000 -7.00000000
5.00000000 0.79999995 1.00000000 -7.00000000
5.00000000 0.89999998 1.00000000 -7.00000000
5.00000000 0.99999988 0.99999994 -6.99999952
5.00000000 1.10000002 0.99999982 -6.99999857
5.00000000 1.20000005 0.99999940 -6.99999428
5.00000000 1.29999995 0.99999809 -6.99998283
5.00000000 1.39999998 0.99999481 -6.99995327
5.00000000 1.49999988 0.99998754 -6.99988794
5.00000000 1.60000002 0.99997407 -6.99976683
5.00000000 1.70000005 0.99994922 -6.99954319
5.00000000 1.79999995 0.99990910 -6.99918222
5.00000000 1.89999986 0.99984485 -6.99860430
5.00000000 2.00000000 0.99975288 -6.99777651
5.00000000 2.09999990 0.99961948 -6.99657774
5.00000000 2.20000005 0.99943763 -6.99494267
5.00000000 2.29999995 0.99919701 -6.99278069
5.00000000 2.39999986 0.99888515 -6.98997974
5.00000000 2.49999976 0.99848992 -6.98643160
5.00000000 2.59999990 0.99800330 -6.98206615
5.00000000 2.70000005 0.99741167 -6.97676420
5.00000000 2.79999995 0.99670964 -6.97047758
5.00000000 2.89999986 0.99587828 -6.96303797
5.00000000 2.99999976 0.99491245 -6.95440626
5.00000000 3.09999990 0.99381042 -6.94456625
5.00000000 3.20000005 0.99254894 -6.93332148
5.00000000 3.29999995 0.99111944 -6.92059612
5.00000000 3.40000010 0.98954195 -6.90656948
5.00000000 3.50000000 0.98778468 -6.89097691
5.00000000 3.59999990 0.98584783 -6.87381124
5.00000000 3.69999957 0.98371375 -6.85494089
5.00000000 3.79999995 0.98141754 -6.83466911
5.00000000 3.90000010 0.97893077 -6.81276703
5.00000000 4.00000000 0.97623420 -6.78906965
5.00000000 4.09999990 0.97335976 -6.76385593
