-5.00000000 0.10000000 -1.00000000 -7.00000000
-5.00000000 0.20000000 -1.00000000 -7.00000000
-5.00000000 0.30000001 -1.00000000 -7.00000000
-5.00000000 0.39999998 -1.00000000 -7.00000000
-5.00000000 0.50000000 -1.00000000 -7.00000000
-5.00000000 0.60000002 -1.00000000 -7.00000000
-5.00000000 0.69999993 -1.00000000 -7.00000000
-5.00000000 0.79999995 -1.00000000 -7.00000000
-5.00000000 0.89999998 -1.00000000 -7.00000000
-5.00000000 0.99999988 -1.00000000 -7.00000000
-5.00000000 1.10000002 -0.99999988 -6.99999905
-5.00000000 1.20000005 -0.99999952 -6.99999571
-5.00000000 1.29999995 -0.99999851 -6.99998665
-5.00000000 1.39999998 -0.99999440 -6.99994946
-5.00000000 1.49999988 -0.99998450 -6.99986029
-5.00000000 1.60000002 -0.99997520 -6.99977684
-5.00000000 1.70000005 -0.99995017 -6.99955177
-5.00000000 1.79999995 -0.99991310 -6.99921799
-5.00000000 1.89999986 -0.99985415 -6.99868774
-5.00000000 2.00000000 -0.99974644 -6.99771881
-5.00000000 2.09999990 -0.99962771 -6.99665117
-5.00000000 2.20000005 -0.99943870 -6.99495268
-5.00000000 2.29999995 -0.99920237 -6.99282789
-5.00000000 2.39999986 -0.99887401 -6.98988152
-5.00000000 2.49999976 -0.99849045 -6.98643970
-5.00000000 2.59999990 -0.99801028 -6.98212910
-5.00000000 2.70000005 -0.99740636 -6.97670984
-5.00000000 2.79999995 -0.99669260 -6.97032118
-5.00000000 2.89999986 -0.99588317 -6.96308088
-5.00000000 2.99999976 -0.99498081 -6.95501757
-5.00000000 3.09999990 -0.99380577 -6.94452477
-5.00000000 3.20000005 -0.99258667 -6.93363380
-5.00000000 3.29999995 -0.99116564 -6.92101192
-5.00000000 3.40000010 -0.98950523 -6.90624809
-5.00000000 3.50000000 -0.98768848 -6.89012432
-5.00000000 3.59999990 -0.98587668 -6.87407064
-5.00000000 3.69999957 -0.98373097 -6.85509253
-5.00000000 3.79999995 -0.98141187 -6.83467436
-5.00000000 3.90000010 -0.97892869 -6.81273603
-5.00000000 4.00000000 -0.97622633 -6.78896284
-5.00000000 4.09999990 -0.97337538 -6.76399755
-4.79591846 0.10000000 -1.00000000 -6.79591846
-4.79591846 0.20000000 -1.00000000 -6.79591846
-4.79591846 0.30000001 -1.00000000 -6.79591846
-4.79591846 0.39999998 -1.00000000 -6.79591846
-4.79591846 0.50000000 -1.00000000 -6.79591846
-4.79591846 0.60000002 -1.00000000 -6.79591846
-4.79591846 0.69999993 -1.00000000 -6.79591846
-4.79591846 0.79999995 -1.00000000 -6.79591846
-4.79591846 0.89999998 -1.00000000 -6.79591846
-4.79591846 0.99999988 -0.99999988 -6.79591751
-4.79591846 1.10000002 -0.99999988 -6.79591751
-4.79591846 1.20000005 -0.99999940 -6.79591322
-4.79591846 1.29999995 -0.99999791 -6.79590034
-4.79591846 1.39999998 -0.99999243 -6.79585171
-4.79591846 1.49999988 -0.99998325 -6.79577112
-4.79591846 1.60000002 -0.99996507 -6.79561138
-4.79591846 1.70000005 -0.99993360 -6.79533434
-4.79591846 1.79999995 -0.99989235 -6.79497147
-4.79591846 1.89999986 -0.99980336 -6.79418945
-4.79591846 2.00000000 -0.99970192 -6.79329777
-4.79591846 2.09999990 -0.99954015 -6.79187775
-4.79591846 2.20000005 -0.99931741 -6.78991985
-4.79591846 2.29999995 -0.99904287 -6.78751373
-4.79591846 2.39999986 -0.99867690 -6.78429985
-4.79591846 2.49999976 -0.99823117 -6.78039217
-4.79591846 2.59999990 -0.99763256 -6.77515078
-4.79591846 2.70000005 -0.99702698 -6.76984024
-4.79591846 2.79999995 -0.99617165 -6.76237202
-4.79591846 2.89999986 -0.99525100 -6.75432301
-4.79591846 2.99999976 -0.99413687 -6.74459219
-4.79591846 3.09999990 -0.99299014 -6.73462391
-4.79591846 3.20000005 -0.99155617 -6.72212553
-4.79591846 3.29999995 -0.98989695 -6.70773840
-4.79591846 3.40000010 -0.98822081 -6.69319534
-4.79591846 3.50000000 -0.98623961 -6.67605066
-4.79591846 3.59999990 -0.98407078 -6.65732384
-4.79591846 3.69999957 -0.98166847 -6.63662195
-4.79591846 3.79999995 -0.97914624 -6.61487818
-4.79591846 3.90000010 -0.97639602 -6.59124565
-4.79591846 4.00000000 -0.97353262 -6.56675625
-4.79591846 4.09999990 -0.97023606 -6.53857327
-4.59183693 0.10000000 -1.00000000 -6.59183693
-4.59183693 0.20000000 -1.00000000 -6.59183693
-4.59183693 0.30000001 -1.00000000 -6.59183693
-4.59183693 0.39999998 -1.00000000 -6.59183693
-4.59183693 0.50000000 -1.00000000 -6.59183693
-4.59183693 0.60000002 -1.00000000 -6.59183693
-4.59183693 0.69999993 -1.00000000 -6.59183693
-4.59183693 0.79999995 -1.00000000 -6.59183693
-4.59183693 0.89999998 -1.00000000 -6.59183693
-4.59183693 0.99999988 -1.00000000 -6.59183693
-4.59183693 1.10000002 -0.99999976 -6.59183502
-4.59183693 1.20000005 -0.99999863 -6.59182549
-4.59183693 1.29999995 -0.99999535 -6.59179688
-4.59183693 1.39999998 -0.99999338 -6.59178019
-4.59183693 1.49999988 -0.99997741 -6.59164286
-4.59183693 1.60000002 -0.99995559 -6.59145498
-4.59183693 1.70000005 -0.99992114 -6.59115934
-4.59183693 1.79999995 -0.99985230 -6.59056807
-4.59183693 1.89999986 -0.99976271 -6.58979893
-4.59183693 2.00000000 -0.99963146 -6.58867264
-4.59183693 2.09999990 -0.99941248 -6.58679390
-4.59183693 2.20000005 -0.99917150 -6.58472729
-4.59183693 2.29999995 -0.99885768 -6.58203840
-4.59183693 2.39999986 -0.99842370 -6.57832050
-4.59183693 2.49999976 -0.99790591 -6.57388783
-4.59183693 2.59999990 -0.99727577 -6.56849480
-4.59183693 2.70000005 -0.99650025 -6.56188297
-4.59183693 2.79999995 -0.99560231 -6.55421305
-4.59183693 2.89999986 -0.99449521 -6.54478550
-4.59183693 2.99999976 -0.99326426 -6.53429079
-4.59183693 3.09999990 -0.99186343 -6.52240562
-4.59183693 3.20000005 -0.99025720 -6.50877619
-4.59183693 3.29999995 -0.98854893 -6.49430799
-4.59183693 3.40000010 -0.98655701 -6.47747707
-4.59183693 3.50000000 -0.98436964 -6.45904779
-4.59183693 3.59999990 -0.98200870 -6.43913364
-4.59183693 3.69999957 -0.97948533 -6.41798115
-4.59183693 3.79999995 -0.97652406 -6.39314938
-4.59183693 3.90000010 -0.97360706 -6.36875391
-4.59183693 4.00000000 -0.97045386 -6.34252310
-4.59183693 4.09999990 -0.96699268 -6.31376648
-4.38775492 0.10000000 -1.00000000 -6.38775492
-4.38775492 0.20000000 -1.00000000 -6.38775492
-4.38775492 0.30000001 -1.00000000 -6.38775492
-4.38775492 0.39999998 -1.00000000 -6.38775492
-4.38775492 0.50000000 -1.00000000 -6.38775492
-4.38775492 0.60000002 -1.00000000 -6.38775492
-4.38775492 0.69999993 -1.00000000 -6.38775492
-4.38775492 0.79999995 -1.00000000 -6.38775492
-4.38775492 0.89999998 -0.99999988 -6.38775396
-4.38775492 0.99999988 -1.00000000 -6.38775492
-4.38775492 1.10000002 -0.99999917 -6.38774776
-4.38775492 1.20000005 -0.99999851 -6.38774252
-4.38775492 1.29999995 -0.99999535 -6.38771582
-4.38775492 1.39999998 -0.99998695 -6.38764524
-4.38775492 1.49999988 -0.99997461 -6.38754225
-4.38775492 1.60000002 -0.99994689 -6.38730955
-4.38775492 1.70000005 -0.99989820 -6.38690138
-4.38775492 1.79999995 -0.99982053 -6.38625097
-4.38775492 1.89999986 -0.99971104 -6.38533306
-4.38775492 2.00000000 -0.99952662 -6.38378716
-4.38775492 2.09999990 -0.99931896 -6.38204765
-4.38775492 2.20000005 -0.99900681 -6.37943649
-4.38775492 2.29999995 -0.99861181 -6.37613487
-4.38775492 2.39999986 -0.99813271 -6.37212992
-4.38775492 2.49999976 -0.99752945 -6.36709213
-4.38775492 2.59999990 -0.99678820 -6.36091042
-4.38775492 2.70000005 -0.99588877 -6.35341167
-4.38775492 2.79999995 -0.99482471 -6.34455729
-4.38775492 2.89999986 -0.99362302 -6.33457518
-4.38775492 2.99999976 -0.99230665 -6.32366991
-4.38775492 3.09999990 -0.99067968 -6.31021547
-4.38775492 3.20000005 -0.98887902 -6.29534626
-4.38775492 3.29999995 -0.98698354 -6.27969837
-4.38775492 3.40000010 -0.98467934 -6.26073503
-4.38775492 3.50000000 -0.98241812 -6.24213314
-4.38775492 3.59999990 -0.97971779 -6.22002363
-4.38775492 3.69999957 -0.97694641 -6.19738102
-4.38775492 3.79999995 -0.97379005 -6.17165184
-4.38775492 3.90000010 -0.97043347 -6.14440298
-4.38775492 4.00000000 -0.96690392 -6.11581564
-4.38775492 4.09999990 -0.96312499 -6.08534384
-4.18367338 0.10000000 -1.00000000 -6.18367338
-4.18367338 0.20000000 -1.00000000 -6.18367338
-4.18367338 0.30000001 -1.00000000 -6.18367338
-4.18367338 0.39999998 -1.00000000 -6.18367338
-4.18367338 0.50000000 -1.00000000 -6.18367338
-4.18367338 0.60000002 -1.00000000 -6.18367338
-4.18367338 0.69999993 -1.00000000 -6.18367338
-4.18367338 0.79999995 -1.00000000 -6.18367338
-4.18367338 0.89999998 -1.00000000 -6.18367338
-4.18367338 0.99999988 -0.99999988 -6.18367243
-4.18367338 1.10000002 -0.99999881 -6.18366337
-4.18367338 1.20000005 -0.99999779 -6.18365526
-4.18367338 1.29999995 -0.99999243 -6.18361139
-4.18367338 1.39999998 -0.99998558 -6.18355560
-4.18367338 1.49999988 -0.99996376 -6.18337679
-4.18367338 1.60000002 -0.99992746 -6.18308020
-4.18367338 1.70000005 -0.99987173 -6.18262434
-4.18367338 1.79999995 -0.99977553 -6.18183661
-4.18367338 1.89999986 -0.99962473 -6.18060493
-4.18367338 2.00000000 -0.99942636 -6.17898417
-4.18367338 2.09999990 -0.99917275 -6.17691135
-4.18367338 2.20000005 -0.99881250 -6.17397499
-4.18367338 2.29999995 -0.99834192 -6.17013454
-4.18367338 2.39999986 -0.99778342 -6.16558218
-4.18367338 2.49999976 -0.99706286 -6.15972042
-4.18367338 2.59999990 -0.99623269 -6.15296936
-4.18367338 2.70000005 -0.99520558 -6.14463854
-4.18367338 2.79999995 -0.99397105 -6.13462973
-4.18367338 2.89999986 -0.99264151 -6.12387466
-4.18367338 2.99999976 -0.99106348 -6.11114836
-4.18367338 3.09999990 -0.98931605 -6.09705257
-4.18367338 3.20000005 -0.98724574 -6.08040810
-4.18367338 3.29999995 -0.98508948 -6.06311464
-4.18367338 3.40000010 -0.98256481 -6.04288530
-4.18367338 3.50000000 -0.97990102 -6.02161980
-4.18367338 3.59999990 -0.97698706 -5.99841785
-4.18367338 3.69999957 -0.97378564 -5.97301483
-4.18367338 3.79999995 -0.97045678 -5.94661379
-4.18367338 3.90000010 -0.96684915 -5.91816139
-4.18367338 4.00000000 -0.96300232 -5.88799572
-4.18367338 4.09999990 -0.95879334 -5.85489273
-3.97959185 0.10000000 -1.00000000 -5.97959185
-3.97959185 0.20000000 -1.00000000 -5.97959185
-3.97959185 0.30000001 -1.00000000 -5.97959185
-3.97959185 0.39999998 -1.00000000 -5.97959185
-3.97959185 0.50000000 -1.00000000 -5.97959185
-3.97959185 0.60000002 -1.00000000 -5.97959185
-3.97959185 0.69999993 -1.00000000 -5.97959185
-3.97959185 0.79999995 -1.00000000 -5.97959185
-3.97959185 0.89999998 -1.00000000 -5.97959185
-3.97959185 0.99999988 -0.99999976 -5.97958994
-3.97959185 1.10000002 -0.99999863 -5.97958136
-3.97959185 1.20000005 -0.99999720 -5.97956944
-3.97959185 1.29999995 -0.99998999 -5.97951174
-3.97959185 1.39999998 -0.99997842 -5.97941923
-3.97959185 1.49999988 -0.99994969 -5.97919083
-3.97959185 1.60000002 -0.99991465 -5.97891140
-3.97959185 1.70000005 -0.99984032 -5.97831774
-3.97959185 1.79999995 -0.99971372 -5.97730970
-3.97959185 1.89999986 -0.99954844 -5.97599173
-3.97959185 2.00000000 -0.99931139 -5.97410440
-3.97959185 2.09999990 -0.99899524 -5.97158575
-3.97959185 2.20000005 -0.99854553 -5.96801233
-3.97959185 2.29999995 -0.99801147 -5.96376753
-3.97959185 2.39999986 -0.99736071 -5.95860243
-3.97959185 2.49999976 -0.99653113 -5.95201778
-3.97959185 2.59999990 -0.99551928 -5.94402599
-3.97959185 2.70000005 -0.99432790 -5.93459463
-3.97959185 2.79999995 -0.99309617 -5.92489624
-3.97959185 2.89999986 -0.99143726 -5.91182041
-3.97959185 2.99999976 -0.98972595 -5.89838409
-3.97959185 3.09999990 -0.98771048 -5.88259697
-3.97959185 3.20000005 -0.98546523 -5.86503506
-3.97959185 3.29999995 -0.98299438 -5.84573603
-3.97959185 3.40000010 -0.98020190 -5.82403469
-3.97959185 3.50000000 -0.97726905 -5.80131435
-3.97959185 3.59999990 -0.97408640 -5.77670002
-3.97959185 3.69999957 -0.97057933 -5.74967384
-3.97959185 3.79999995 -0.96676892 -5.72040844
-3.97959185 3.90000010 -0.96288586 -5.69070196
-3.97959185 4.00000000 -0.95855004 -5.65758562
-3.97959185 4.09999990 -0.95380068 -5.62154341
-3.77551031 0.10000000 -1.00000000 -5.77551031
-3.77551031 0.20000000 -1.00000000 -5.77551031
-3.77551031 0.30000001 -1.00000000 -5.77551031
-3.77551031 0.39999998 -1.00000000 -5.77551031
-3.77551031 0.50000000 -1.00000000 -5.77551031
-3.77551031 0.60000002 -1.00000000 -5.77551031
-3.77551031 0.69999993 -1.00000000 -5.77551031
-3.77551031 0.79999995 -1.00000000 -5.77551031
-3.77551031 0.89999998 -0.99999988 -5.77550936
-3.77551031 0.99999988 -0.99999964 -5.77550745
-3.77551031 1.10000002 -0.99999851 -5.77549887
-3.77551031 1.20000005 -0.99999535 -5.77547407
-3.77551031 1.29999995 -0.99998611 -5.77540207
-3.77551031 1.39999998 -0.99997085 -5.77528334
-3.77551031 1.49999988 -0.99994260 -5.77506399
-3.77551031 1.60000002 -0.99988145 -5.77458906
-3.77551031 1.70000005 -0.99978989 -5.77387762
-3.77551031 1.79999995 -0.99964285 -5.77273607
-3.77551031 1.89999986 -0.99944162 -5.77117348
-3.77551031 2.00000000 -0.99914187 -5.76884842
-3.77551031 2.09999990 -0.99875295 -5.76583910
-3.77551031 2.20000005 -0.99828076 -5.76218176
-3.77551031 2.29999995 -0.99768007 -5.75753117
-3.77551031 2.39999986 -0.99685764 -5.75118065
-3.77551031 2.49999976 -0.99591506 -5.74391222
-3.77551031 2.59999990 -0.99481797 -5.73546982
-3.77551031 2.70000005 -0.99344188 -5.72490120
-3.77551031 2.79999995 -0.99188381 -5.71295118
-3.77551031 2.89999986 -0.99013120 -5.69954300
-3.77551031 2.99999976 -0.98805273 -5.68367004
-3.77551031 3.09999990 -0.98581105 -5.66663361
-3.77551031 3.20000005 -0.98329896 -5.64754152
-3.77551031 3.29999995 -0.98058546 -5.62696648
-3.77551031 3.40000010 -0.97755748 -5.60412502
-3.77551031 3.50000000 -0.97418714 -5.57878399
-3.77551031 3.59999990 -0.97054112 -5.55139542
-3.77551031 3.69999957 -0.96663624 -5.52226973
-3.77551031 3.79999995 -0.96245676 -5.49118519
-3.77551031 3.90000010 -0.95823646 -5.45993042
-3.77551031 4.00000000 -0.95353013 -5.42515182
-3.77551031 4.09999990 -0.94840991 -5.38744736
-3.57142854 0.10000000 -1.00000000 -5.57142830
-3.57142854 0.20000000 -1.00000000 -5.57142830
-3.57142854 0.30000001 -1.00000000 -5.57142830
-3.57142854 0.39999998 -1.00000000 -5.57142830
-3.57142854 0.50000000 -1.00000000 -5.57142830
-3.57142854 0.60000002 -1.00000000 -5.57142830
-3.57142854 0.69999993 -1.00000000 -5.57142830
-3.57142854 0.79999995 -1.00000000 -5.57142830
-3.57142854 0.89999998 -1.00000000 -5.57142830
-3.57142854 0.99999988 -0.99999893 -5.57142019
-3.57142854 1.10000002 -0.99999791 -5.57141256
-3.57142854 1.20000005 -0.99999416 -5.57138395
-3.57142854 1.29999995 -0.99998230 -5.57129431
-3.57142854 1.39999998 -0.99995506 -5.57108831
-3.57142854 1.49999988 -0.99992263 -5.57084227
-3.57142854 1.60000002 -0.99983865 -5.57020664
-3.57142854 1.70000005 -0.99972999 -5.56938648
-3.57142854 1.79999995 -0.99954492 -5.56798792
-3.57142854 1.89999986 -0.99931163 -5.56622505
-3.57142854 2.00000000 -0.99893808 -5.56340551
-3.57142854 2.09999990 -0.99850488 -5.56013727
-3.57142854 2.20000005 -0.99792248 -5.55574512
-3.57142854 2.29999995 -0.99714953 -5.54993486
-3.57142854 2.39999986 -0.99621361 -5.54291296
-3.57142854 2.49999976 -0.99514538 -5.53490305
-3.57142854 2.59999990 -0.99392003 -5.52573633
-3.57142854 2.70000005 -0.99229723 -5.51362610
-3.57142854 2.79999995 -0.99051732 -5.50034857
-3.57142854 2.89999986 -0.98856753 -5.48585463
-3.57142854 2.99999976 -0.98628491 -5.46898746
-3.57142854 3.09999990 -0.98373777 -5.45016623
-3.57142854 3.20000005 -0.98084289 -5.42881107
-3.57142854 3.29999995 -0.97770810 -5.40581846
-3.57142854 3.40000010 -0.97430664 -5.38094044
-3.57142854 3.50000000 -0.97056228 -5.35368824
-3.57142854 3.59999990 -0.96655881 -5.32471657
-3.57142854 3.69999957 -0.96220911 -5.29309845
-3.57142854 3.79999995 -0.95773232 -5.26094341
-3.57142854 3.90000010 -0.95291358 -5.22641134
-3.57142854 4.00000000 -0.94779432 -5.18987799
-3.57142854 4.09999990 -0.94213343 -5.14966917
-3.36734700 0.10000000 -1.00000000 -5.36734676
-3.36734700 0.20000000 -1.00000000 -5.36734676
-3.36734700 0.30000001 -1.00000000 -5.36734676
-3.36734700 0.39999998 -1.00000000 -5.36734676
-3.36734700 0.50000000 -1.00000000 -5.36734676
-3.36734700 0.60000002 -1.00000000 -5.36734676
-3.36734700 0.69999993 -1.00000000 -5.36734676
-3.36734700 0.79999995 -1.00000000 -5.36734676
-3.36734700 0.89999998 -0.99999988 -5.36734581
-3.36734700 0.99999988 -0.99999928 -5.36734152
-3.36734700 1.10000002 -0.99999672 -5.36732244
-3.36734700 1.20000005 -0.99999183 -5.36728668
-3.36734700 1.29999995 -0.99997801 -5.36718512
-3.36734700 1.39999998 -0.99994791 -5.36696291
-3.36734700 1.49999988 -0.99989110 -5.36654520
-3.36734700 1.60000002 -0.99979055 -5.36580467
-3.36734700 1.70000005 -0.99964309 -5.36471844
-3.36734700 1.79999995 -0.99945700 -5.36335182
-3.36734700 1.89999986 -0.99914259 -5.36104107
-3.36734700 2.00000000 -0.99869847 -5.35778332
-3.36734700 2.09999990 -0.99814528 -5.35372782
-3.36734700 2.20000005 -0.99749905 -5.34899473
-3.36734700 2.29999995 -0.99662596 -5.34261227
-3.36734700 2.39999986 -0.99552649 -5.33459139
-3.36734700 2.49999976 -0.99428213 -5.32551956
-3.36734700 2.59999990 -0.99274856 -5.31440592
-3.36734700 2.70000005 -0.99097055 -5.30152559
-3.36734700 2.79999995 -0.98894542 -5.28688145
-3.36734700 2.89999986 -0.98666519 -5.27048159
-3.36734700 2.99999976 -0.98406386 -5.25177288
-3.36734700 3.09999990 -0.98110110 -5.23058653
-3.36734700 3.20000005 -0.97802442 -5.20863008
-3.36734700 3.29999995 -0.97449255 -5.18360233
-3.36734700 3.40000010 -0.97062695 -5.15621948
-3.36734700 3.50000000 -0.96655458 -5.12751245
-3.36734700 3.59999990 -0.96211022 -5.09632015
-3.36734700 3.69999957 -0.95742613 -5.06366777
-3.36734700 3.79999995 -0.95203429 -5.02617073
-3.36734700 3.90000010 -0.94680727 -4.99000645
-3.36734700 4.00000000 -0.94100183 -4.95018339
-3.36734700 4.09999990 -0.93509048 -4.90938187
-3.16326523 0.10000000 -1.00000000 -5.16326523
-3.16326523 0.20000000 -1.00000000 -5.16326523
-3.16326523 0.30000001 -1.00000000 -5.16326523
-3.16326523 0.39999998 -1.00000000 -5.16326523
-3.16326523 0.50000000 -1.00000000 -5.16326523
-3.16326523 0.60000002 -1.00000000 -5.16326523
-3.16326523 0.69999993 -1.00000000 -5.16326523
-3.16326523 0.79999995 -1.00000000 -5.16326523
-3.16326523 0.89999998 -1.00000000 -5.16326523
-3.16326523 0.99999988 -0.99999940 -5.16326094
-3.16326523 1.10000002 -0.99999535 -5.16323185
-3.16326523 1.20000005 -0.99998879 -5.16318464
-3.16326523 1.29999995 -0.99997288 -5.16307116
-3.16326523 1.39999998 -0.99992746 -5.16274643
-3.16326523 1.49999988 -0.99985301 -5.16221237
-3.16326523 1.60000002 -0.99973965 -5.16140175
-3.16326523 1.70000005 -0.99955654 -5.16009092
-3.16326523 1.79999995 -0.99930006 -5.15825844
-3.16326523 1.89999986 -0.99892259 -5.15556431
-3.16326523 2.00000000 -0.99843019 -5.15206146
-3.16326523 2.09999990 -0.99777991 -5.14742899
-3.16326523 2.20000005 -0.99696141 -5.14161444
-3.16326523 2.29999995 -0.99594140 -5.13438177
-3.16326523 2.39999986 -0.99468786 -5.12551689
-3.16326523 2.49999976 -0.99318808 -5.11491632
-3.16326523 2.59999990 -0.99144787 -5.10266638
-3.16326523 2.70000005 -0.98942614 -5.08848286
-3.16326523 2.79999995 -0.98709714 -5.07217932
-3.16326523 2.89999986 -0.98446047 -5.05378866
-3.16326523 2.99999976 -0.98152113 -5.03332758
-3.16326523 3.09999990 -0.97834313 -5.01139832
-3.16326523 3.20000005 -0.97470409 -4.98629427
-3.16326523 3.29999995 -0.97075498 -4.95919323
-3.16326523 3.40000010 -0.96648204 -4.92993689
-3.16326523 3.50000000 -0.96180797 -4.89817381
-3.16326523 3.59999990 -0.95674878 -4.86399508
-3.16326523 3.69999957 -0.95151418 -4.82867765
-3.16326523 3.79999995 -0.94574791 -4.79017496
-3.16326523 3.90000010 -0.94001955 -4.75166702
-3.16326523 4.00000000 -0.93335634 -4.70777464
-3.16326523 4.09999990 -0.92681277 -4.66457367
-2.95918369 0.10000000 -1.00000000 -4.95918369
-2.95918369 0.20000000 -1.00000000 -4.95918369
-2.95918369 0.30000001 -1.00000000 -4.95918369
-2.95918369 0.39999998 -1.00000000 -4.95918369
-2.95918369 0.50000000 -1.00000000 -4.95918369
-2.95918369 0.60000002 -1.00000000 -4.95918369
-2.95918369 0.69999993 -1.00000000 -4.95918369
-2.95918369 0.79999995 -0.99999988 -4.95918274
-2.95918369 0.89999998 -0.99999940 -4.95917940
-2.95918369 0.99999988 -0.99999791 -4.95916939
-2.95918369 1.10000002 -0.99999195 -4.95912743
-2.95918369 1.20000005 -0.99998301 -4.95906544
-2.95918369 1.29999995 -0.99995273 -4.95885468
-2.95918369 1.39999998 -0.99989867 -4.95847940
-2.95918369 1.49999988 -0.99980527 -4.95782900
-2.95918369 1.60000002 -0.99965042 -4.95675278
-2.95918369 1.70000005 -0.99945945 -4.95542765
-2.95918369 1.79999995 -0.99911183 -4.95301867
-2.95918369 1.89999986 -0.99866050 -4.94988871
-2.95918369 2.00000000 -0.99805307 -4.94569016
-2.95918369 2.09999990 -0.99726927 -4.94027281
-2.95918369 2.20000005 -0.99627966 -4.93345547
-2.95918369 2.29999995 -0.99505812 -4.92505407
-2.95918369 2.39999986 -0.99364489 -4.91536617
-2.95918369 2.49999976 -0.99192613 -4.90361929
-2.95918369 2.59999990 -0.98989183 -4.88977003
-2.95918369 2.70000005 -0.98753077 -4.87372112
-2.95918369 2.79999995 -0.98494482 -4.85621834
-2.95918369 2.89999986 -0.98181272 -4.83513737
-2.95918369 2.99999976 -0.97860193 -4.81354904
-2.95918369 3.09999990 -0.97481114 -4.78825235
-2.95918369 3.20000005 -0.97077757 -4.76139688
-2.95918369 3.29999995 -0.96627623 -4.73164797
-2.95918369 3.40000010 -0.96145874 -4.69989395
-2.95918369 3.50000000 -0.95615298 -4.66513681
-2.95918369 3.59999990 -0.95077908 -4.63016415
-2.95918369 3.69999957 -0.94463539 -4.59031200
-2.95918369 3.79999995 -0.93844980 -4.55050230
-2.95918369 3.90000010 -0.93151236 -4.50611782
-2.95918369 4.00000000 -0.92479408 -4.46341324
-2.95918369 4.09999990 -0.91737282 -4.41652918
-2.75510216 0.10000000 -1.00000000 -4.75510216
-2.75510216 0.20000000 -1.00000000 -4.75510216
-2.75510216 0.30000001 -1.00000000 -4.75510216
-2.75510216 0.39999998 -1.00000000 -4.75510216
-2.75510216 0.50000000 -1.00000000 -4.75510216
-2.75510216 0.60000002 -1.00000000 -4.75510216
-2.75510216 0.69999993 -0.99999988 -4.75510120
-2.75510216 0.79999995 -1.00000000 -4.75510216
-2.75510216 0.89999998 -0.99999952 -4.75509882
-2.75510216 0.99999988 -0.99999744 -4.75508499
-2.75510216 1.10000002 -0.99998999 -4.75503445
-2.75510216 1.20000005 -0.99997544 -4.75493622
-2.75510216 1.29999995 -0.99993432 -4.75465965
-2.75510216 1.39999998 -0.99986976 -4.75422239
-2.75510216 1.49999988 -0.99976027 -4.75348377
-2.75510216 1.60000002 -0.99958020 -4.75226927
-2.75510216 1.70000005 -0.99926865 -4.75017357
-2.75510216 1.79999995 -0.99887037 -4.74749374
-2.75510216 1.89999986 -0.99831247 -4.74375391
-2.75510216 2.00000000 -0.99760276 -4.73899555
-2.75510216 2.09999990 -0.99662000 -4.73242569
-2.75510216 2.20000005 -0.99553615 -4.72519207
-2.75510216 2.29999995 -0.99408448 -4.71552372
-2.75510216 2.39999986 -0.99236292 -4.70410919
-2.75510216 2.49999976 -0.99036974 -4.69091272
-2.75510216 2.59999990 -0.98801291 -4.67541361
-2.75510216 2.70000005 -0.98529971 -4.65759611
-2.75510216 2.79999995 -0.98234707 -4.63830471
-2.75510216 2.89999986 -0.97873217 -4.61483812
-2.75510216 2.99999976 -0.97493762 -4.59028673
-2.75510216 3.09999990 -0.97080666 -4.56376266
-2.75510216 3.20000005 -0.96605676 -4.53329611
-2.75510216 3.29999995 -0.96129578 -4.50299692
-2.75510216 3.40000010 -0.95572144 -4.46770763
-2.75510216 3.50000000 -0.94977701 -4.43038654
-2.75510216 3.59999990 -0.94356066 -4.39140940
-2.75510216 3.69999957 -0.93684876 -4.34980869
-2.75510216 3.79999995 -0.92983216 -4.30644512
-2.75510216 3.90000010 -0.92238808 -4.26081324
-2.75510216 4.00000000 -0.91468692 -4.21379137
-2.75510216 4.09999990 -0.90639096 -4.16359472
-2.55102038 0.10000000 -1.00000000 -4.55102062
-2.55102038 0.20000000 -1.00000000 -4.55102062
-2.55102038 0.30000001 -1.00000000 -4.55102062
-2.55102038 0.39999998 -1.00000000 -4.55102062
-2.55102038 0.50000000 -1.00000000 -4.55102062
-2.55102038 0.60000002 -1.00000000 -4.55102062
-2.55102038 0.69999993 -1.00000000 -4.55102062
-2.55102038 0.79999995 -1.00000000 -4.55102062
-2.55102038 0.89999998 -0.99999928 -4.55101585
-2.55102038 0.99999988 -0.99999499 -4.55098772
-2.55102038 1.10000002 -0.99998659 -4.55093241
-2.55102038 1.20000005 -0.99996018 -4.55075979
-2.55102038 1.29999995 -0.99991763 -4.55048084
-2.55102038 1.39999998 -0.99982947 -4.54990387
-2.55102038 1.49999988 -0.99967211 -4.54887581
-2.55102038 1.60000002 -0.99944437 -4.54738617
-2.55102038 1.70000005 -0.99907702 -4.54499531
-2.55102038 1.79999995 -0.99858057 -4.54175949
-2.55102038 1.89999986 -0.99792165 -4.53747463
-2.55102038 2.00000000 -0.99703246 -4.53170824
-2.55102038 2.09999990 -0.99590212 -4.52438354
-2.55102038 2.20000005 -0.99454039 -4.51561594
-2.55102038 2.29999995 -0.99278784 -4.50435162
-2.55102038 2.39999986 -0.99086362 -4.49201870
-2.55102038 2.49999976 -0.98848289 -4.47682810
-2.55102038 2.59999990 -0.98571628 -4.45927238
-2.55102038 2.70000005 -0.98271435 -4.44030333
-2.55102038 2.79999995 -0.97914475 -4.41784525
-2.55102038 2.89999986 -0.97512293 -4.39265203
-2.55102038 2.99999976 -0.97077048 -4.36563540
-2.55102038 3.09999990 -0.96610463 -4.33668232
-2.55102038 3.20000005 -0.96073109 -4.30363941
-2.55102038 3.29999995 -0.95509958 -4.26926517
-2.55102038 3.40000010 -0.94892347 -4.23181057
-2.55102038 3.50000000 -0.94233704 -4.19205904
-2.55102038 3.59999990 -0.93518311 -4.14945507
-2.55102038 3.69999957 -0.92792201 -4.10618687
-2.55102038 3.79999995 -0.91954935 -4.05677748
-2.55102038 3.90000010 -0.91196841 -4.01235580
-2.55102038 4.00000000 -0.90301353 -3.96035647
-2.55102038 4.09999990 -0.89367336 -3.90663171
-2.34693885 0.10000000 -1.00000000 -4.34693909
-2.34693885 0.20000000 -1.00000000 -4.34693909
-2.34693885 0.30000001 -1.00000000 -4.34693909
-2.34693885 0.39999998 -1.00000000 -4.34693909
-2.34693885 0.50000000 -1.00000000 -4.34693909
-2.34693885 0.60000002 -1.00000000 -4.34693909
-2.34693885 0.69999993 -1.00000000 -4.34693909
-2.34693885 0.79999995 -0.99999952 -4.34693623
-2.34693885 0.89999998 -0.99999803 -4.34692669
-2.34693885 0.99999988 -0.99999475 -4.34690571
-2.34693885 1.10000002 -0.99998122 -4.34681988
-2.34693885 1.20000005 -0.99994349 -4.34658051
-2.34693885 1.29999995 -0.99988699 -4.34622240
-2.34693885 1.39999998 -0.99976623 -4.34545803
-2.34693885 1.49999988 -0.99956727 -4.34419727
-2.34693885 1.60000002 -0.99925625 -4.34223080
-2.34693885 1.70000005 -0.99883193 -4.33955145
-2.34693885 1.79999995 -0.99820864 -4.33562851
-2.34693885 1.89999986 -0.99738353 -4.33044195
-2.34693885 2.00000000 -0.99637282 -4.32411575
-2.34693885 2.09999990 -0.99498892 -4.31546593
-2.34693885 2.20000005 -0.99334484 -4.30523062
-2.34693885 2.29999995 -0.99135900 -4.29292011
-2.34693885 2.39999986 -0.98899156 -4.27830553
-2.34693885 2.49999976 -0.98618555 -4.26107168
-2.34693885 2.59999990 -0.98308218 -4.24206114
-2.34693885 2.70000005 -0.97945690 -4.22004890
-2.34693885 2.79999995 -0.97538429 -4.19542885
-2.34693885 2.89999986 -0.97084641 -4.16810465
-2.34693885 2.99999976 -0.96593076 -4.13885355
-2.34693885 3.09999990 -0.96020824 -4.10491514
-2.34693885 3.20000005 -0.95422059 -4.06977034
-2.34693885 3.29999995 -0.94783127 -4.03227520
-2.34693885 3.40000010 -0.94103003 -3.99296761
-2.34693885 3.50000000 -0.93305433 -3.94701099
-2.34693885 3.59999990 -0.92509508 -3.90170383
-2.34693885 3.69999957 -0.91702050 -3.85585833
-2.34693885 3.79999995 -0.90803307 -3.80550933
-2.34693885 3.90000010 -0.89857107 -3.75280595
-2.34693885 4.00000000 -0.88880748 -3.69894552
-2.34693885 4.09999990 -0.87901026 -3.64540052
-2.14285707 0.10000000 -1.00000000 -4.14285707
-2.14285707 0.20000000 -1.00000000 -4.14285707
-2.14285707 0.30000001 -1.00000000 -4.14285707
-2.14285707 0.39999998 -1.00000000 -4.14285707
-2.14285707 0.50000000 -1.00000000 -4.14285707
-2.14285707 0.60000002 -1.00000000 -4.14285707
-2.14285707 0.69999993 -0.99999976 -4.14285564
-2.14285707 0.79999995 -0.99999976 -4.14285564
-2.14285707 0.89999998 -0.99999779 -4.14284372
-2.14285707 0.99999988 -0.99999171 -4.14280653
-2.14285707 1.10000002 -0.99996996 -4.14267254
-2.14285707 1.20000005 -0.99993265 -4.14244318
-2.14285707 1.29999995 -0.99983609 -4.14184999
-2.14285707 1.39999998 -0.99969846 -4.14100695
-2.14285707 1.49999988 -0.99944371 -4.13944721
-2.14285707 1.60000002 -0.99905479 -4.13707209
-2.14285707 1.70000005 -0.99852711 -4.13385582
-2.14285707 1.79999995 -0.99775010 -4.12912893
-2.14285707 1.89999986 -0.99673927 -4.12300491
-2.14285707 2.00000000 -0.99546921 -4.11532974
-2.14285707 2.09999990 -0.99385154 -4.10559320
-2.14285707 2.20000005 -0.99191403 -4.09397411
-2.14285707 2.29999995 -0.98953235 -4.07972956
-2.14285707 2.39999986 -0.98675632 -4.06328440
-2.14285707 2.49999976 -0.98349136 -4.04402590
-2.14285707 2.59999990 -0.97973901 -4.02193928
-2.14285707 2.70000005 -0.97559851 -3.99783039
-2.14285707 2.79999995 -0.97080064 -3.97006059
-2.14285707 2.89999986 -0.96544749 -3.93927813
-2.14285707 2.99999976 -0.95979238 -3.90709734
-2.14285707 3.09999990 -0.95347971 -3.87141657
-2.14285707 3.20000005 -0.94642234 -3.83166862
-2.14285707 3.29999995 -0.93911880 -3.79096341
-2.14285707 3.40000010 -0.93113613 -3.74702144
-2.14285707 3.50000000 -0.92245299 -3.69963145
-2.14285707 3.59999990 -0.91360581 -3.65159321
-2.14285707 3.69999957 -0.90385532 -3.59923172
-2.14285707 3.79999995 -0.89384854 -3.54618478
-2.14285707 3.90000010 -0.88344961 -3.49149251
-2.14285707 4.00000000 -0.87249535 -3.43406343
-2.14285707 4.09999990 -0.86135095 -3.37658024
-1.93877554 0.10000000 -1.00000000 -3.93877554
-1.93877554 0.20000000 -1.00000000 -3.93877554
-1.93877554 0.30000001 -1.00000000 -3.93877554
-1.93877554 0.39999998 -1.00000000 -3.93877554
-1.93877554 0.50000000 -1.00000000 -3.93877554
-1.93877554 0.60000002 -1.00000000 -3.93877554
-1.93877554 0.69999993 -1.00000000 -3.93877554
-1.93877554 0.79999995 -0.99999928 -3.93877125
-1.93877554 0.89999998 -0.99999607 -3.93875241
-1.93877554 0.99999988 -0.99998671 -3.93869662
-1.93877554 1.10000002 -0.99995738 -3.93852258
-1.93877554 1.20000005 -0.99990761 -3.93822670
-1.93877554 1.29999995 -0.99978197 -3.93748260
-1.93877554 1.39999998 -0.99959177 -3.93635726
-1.93877554 1.49999988 -0.99925977 -3.93439436
-1.93877554 1.60000002 -0.99879348 -3.93164206
-1.93877554 1.70000005 -0.99809462 -3.92753768
-1.93877554 1.79999995 -0.99712718 -3.92186356
-1.93877554 1.89999986 -0.99594885 -3.91496825
-1.93877554 2.00000000 -0.99444932 -3.90625620
-1.93877554 2.09999990 -0.99239635 -3.89436674
-1.93877554 2.20000005 -0.99009824 -3.88114762
-1.93877554 2.29999995 -0.98721045 -3.86461759
-1.93877554 2.39999986 -0.98390186 -3.84575462
-1.93877554 2.49999976 -0.98011899 -3.82438064
-1.93877554 2.59999990 -0.97564501 -3.79929638
-1.93877554 2.70000005 -0.97075987 -3.77209711
-1.93877554 2.79999995 -0.96537048 -3.74230981
-1.93877554 2.89999986 -0.95902199 -3.70750952
-1.93877554 2.99999976 -0.95248681 -3.67200875
-1.93877554 3.09999990 -0.94501489 -3.63180566
-1.93877554 3.20000005 -0.93701845 -3.58905864
-1.93877554 3.29999995 -0.92829579 -3.54325819
-1.93877554 3.40000010 -0.91899866 -3.49483824
-1.93877554 3.50000000 -0.90944785 -3.44537568
-1.93877554 3.59999990 -0.89900917 -3.39197946
-1.93877554 3.69999957 -0.88844579 -3.33857656
-1.93877554 3.79999995 -0.87690139 -3.28059888
-1.93877554 3.90000010 -0.86534095 -3.22339439
-1.93877554 4.00000000 -0.85298038 -3.16283250
-1.93877554 4.09999990 -0.84028774 -3.10151958
-1.73469388 0.10000000 -1.00000000 -3.73469400
-1.73469388 0.20000000 -1.00000000 -3.73469400
-1.73469388 0.30000001 -1.00000000 -3.73469400
-1.73469388 0.39999998 -1.00000000 -3.73469400
-1.73469388 0.50000000 -1.00000000 -3.73469400
-1.73469388 0.60000002 -1.00000000 -3.73469400
-1.73469388 0.69999993 -0.99999988 -3.73469329
-1.73469388 0.79999995 -0.99999952 -3.73469114
-1.73469388 0.89999998 -0.99999392 -3.73465896
-1.73469388 0.99999988 -0.99998057 -3.73458266
-1.73469388 1.10000002 -0.99994260 -3.73436499
-1.73469388 1.20000005 -0.99985719 -3.73387623
-1.73469388 1.29999995 -0.99970043 -3.73298025
-1.73469388 1.39999998 -0.99942458 -3.73140359
-1.73469388 1.49999988 -0.99903196 -3.72916842
-1.73469388 1.60000002 -0.99839795 -3.72556567
-1.73469388 1.70000005 -0.99755484 -3.72079492
-1.73469388 1.79999995 -0.99639320 -3.71425796
-1.73469388 1.89999986 -0.99492919 -3.70601320
-1.73469388 2.00000000 -0.99298167 -3.69513321
-1.73469388 2.09999990 -0.99067837 -3.68236494
-1.73469388 2.20000005 -0.98780590 -3.66648364
-1.73469388 2.29999995 -0.98440319 -3.64788532
-1.73469388 2.39999986 -0.98057163 -3.62699842
-1.73469388 2.49999976 -0.97602695 -3.60252309
-1.73469388 2.59999990 -0.97082424 -3.57469916
-1.73469388 2.70000005 -0.96488380 -3.54328656
-1.73469388 2.79999995 -0.95839196 -3.50918841
-1.73469388 2.89999986 -0.95120239 -3.47177839
-1.73469388 2.99999976 -0.94346994 -3.43203497
-1.73469388 3.09999990 -0.93469846 -3.38745022
-1.73469388 3.20000005 -0.92567420 -3.34192872
-1.73469388 3.29999995 -0.91540444 -3.29096603
-1.73469388 3.40000010 -0.90477073 -3.23863149
-1.73469388 3.50000000 -0.89357680 -3.18442631
-1.73469388 3.59999990 -0.88157839 -3.12668347
-1.73469388 3.69999957 -0.86945486 -3.06948781
-1.73469388 3.79999995 -0.85612208 -3.00705624
-1.73469388 3.90000010 -0.84264159 -2.94477153
-1.73469388 4.00000000 -0.82879210 -2.88145375
-1.73469388 4.09999990 -0.81469399 -2.81777978
-1.53061223 0.10000000 -1.00000000 -3.53061223
-1.53061223 0.20000000 -1.00000000 -3.53061223
-1.53061223 0.30000001 -1.00000000 -3.53061223
-1.53061223 0.39999998 -1.00000000 -3.53061223
-1.53061223 0.50000000 -1.00000000 -3.53061223
-1.53061223 0.60000002 -1.00000000 -3.53061223
-1.53061223 0.69999993 -0.99999964 -3.53061032
-1.53061223 0.79999995 -0.99999815 -3.53060222
-1.53061223 0.89999998 -0.99999267 -3.53057170
-1.53061223 0.99999988 -0.99997067 -3.53045011
-1.53061223 1.10000002 -0.99991763 -3.53015709
-1.53061223 1.20000005 -0.99979931 -3.52950573
-1.53061223 1.29999995 -0.99958998 -3.52835178
-1.53061223 1.39999998 -0.99923193 -3.52638459
-1.53061223 1.49999988 -0.99869752 -3.52345157
-1.53061223 1.60000002 -0.99790758 -3.51914668
-1.53061223 1.70000005 -0.99685061 -3.51339507
-1.53061223 1.79999995 -0.99540091 -3.50554776
-1.53061223 1.89999986 -0.99349791 -3.49530697
-1.53061223 2.00000000 -0.99122739 -3.48321128
-1.53061223 2.09999990 -0.98835361 -3.46795368
-1.53061223 2.20000005 -0.98485720 -3.44954562
-1.53061223 2.29999995 -0.98084158 -3.42854857
-1.53061223 2.39999986 -0.97626013 -3.40484214
-1.53061223 2.49999976 -0.97075766 -3.37657380
-1.53061223 2.59999990 -0.96461082 -3.34547019
-1.53061223 2.70000005 -0.95763040 -3.31041741
-1.53061223 2.79999995 -0.94992602 -3.27217150
-1.53061223 2.89999986 -0.94117689 -3.22939301
-1.53061223 2.99999976 -0.93201417 -3.18510246
-1.53061223 3.09999990 -0.92189378 -3.13674521
-1.53061223 3.20000005 -0.91099632 -3.08546066
-1.53061223 3.29999995 -0.89928675 -3.03097820
-1.53061223 3.40000010 -0.88697231 -2.97460103
-1.53061223 3.50000000 -0.87363195 -2.91424537
-1.53061223 3.59999990 -0.85959631 -2.85153484
-1.53061223 3.69999957 -0.84581423 -2.79105282
-1.53061223 3.79999995 -0.83082741 -2.72605991
-1.53061223 3.90000010 -0.81553429 -2.66046238
-1.53061223 4.00000000 -0.79953271 -2.59352589
-1.53061223 4.09999990 -0.78321946 -2.52598739
-1.32653058 0.10000000 -1.00000000 -3.32653046
-1.32653058 0.20000000 -1.00000000 -3.32653046
-1.32653058 0.30000001 -1.00000000 -3.32653046
-1.32653058 0.39999998 -1.00000000 -3.32653046
-1.32653058 0.50000000 -1.00000000 -3.32653046
-1.32653058 0.60000002 -1.00000000 -3.32653046
-1.32653058 0.69999993 -0.99999928 -3.32652664
-1.32653058 0.79999995 -0.99999732 -3.32651615
-1.32653058 0.89999998 -0.99998510 -3.32645106
-1.32653058 0.99999988 -0.99995422 -3.32628679
-1.32653058 1.10000002 -0.99987912 -3.32588816
-1.32653058 1.20000005 -0.99971402 -3.32501149
-1.32653058 1.29999995 -0.99943238 -3.32352233
-1.32653058 1.39999998 -0.99898160 -3.32114077
-1.32653058 1.49999988 -0.99825633 -3.31732941
-1.32653058 1.60000002 -0.99728465 -3.31225634
-1.32653058 1.70000005 -0.99595267 -3.30530190
-1.32653058 1.79999995 -0.99407154 -3.29555678
-1.32653058 1.89999986 -0.99179506 -3.28388357
-1.32653058 2.00000000 -0.98900270 -3.26966190
-1.32653058 2.09999990 -0.98543298 -3.25158477
-1.32653058 2.20000005 -0.98118472 -3.23036170
-1.32653058 2.29999995 -0.97636789 -3.20645809
-1.32653058 2.39999986 -0.97051722 -3.17789650
-1.32653058 2.49999976 -0.96388048 -3.14571738
-1.32653058 2.59999990 -0.95671326 -3.11146426
-1.32653058 2.70000005 -0.94824487 -3.07156420
-1.32653058 2.79999995 -0.93892336 -3.02838421
-1.32653058 2.89999986 -0.92862636 -2.98091245
-1.32653058 2.99999976 -0.91779441 -2.93219876
-1.32653058 3.09999990 -0.90552980 -2.87764692
-1.32653058 3.20000005 -0.89248008 -2.82070374
-1.32653058 3.29999995 -0.87874913 -2.76149344
-1.32653058 3.40000010 -0.86385816 -2.69839501
-1.32653058 3.50000000 -0.84861022 -2.63475442
-1.32653058 3.59999990 -0.83278012 -2.57003117
-1.32653058 3.69999957 -0.81570411 -2.50149012
-1.32653058 3.79999995 -0.79817796 -2.43172359
-1.32653058 3.90000010 -0.78058410 -2.36316013
-1.32653058 4.00000000 -0.76272947 -2.29468513
-1.32653058 4.09999990 -0.74464023 -2.22608709
-1.12244892 0.10000000 -1.00000000 -3.12244892
-1.12244892 0.20000000 -1.00000000 -3.12244892
-1.12244892 0.30000001 -1.00000000 -3.12244892
-1.12244892 0.39999998 -1.00000000 -3.12244892
-1.12244892 0.50000000 -1.00000000 -3.12244892
-1.12244892 0.60000002 -0.99999988 -3.12244821
-1.12244892 0.69999993 -0.99999952 -3.12244654
-1.12244892 0.79999995 -0.99999571 -3.12242699
-1.12244892 0.89999998 -0.99997598 -3.12232590
-1.12244892 0.99999988 -0.99992943 -3.12208796
-1.12244892 1.10000002 -0.99981809 -3.12151933
-1.12244892 1.20000005 -0.99959338 -3.12037373
-1.12244892 1.29999995 -0.99922144 -3.11848426
-1.12244892 1.39999998 -0.99861473 -3.11541820
-1.12244892 1.49999988 -0.99767983 -3.11071610
-1.12244892 1.60000002 -0.99641025 -3.10434866
-1.12244892 1.70000005 -0.99469054 -3.09582639
-1.12244892 1.79999995 -0.99245542 -3.08478236
-1.12244892 1.89999986 -0.98948693 -3.07032418
-1.12244892 2.00000000 -0.98593992 -3.05316615
-1.12244892 2.09999990 -0.98162001 -3.03247166
-1.12244892 2.20000005 -0.97639328 -3.00781703
-1.12244892 2.29999995 -0.97043896 -2.97997713
-1.12244892 2.39999986 -0.96342152 -2.94786382
-1.12244892 2.49999976 -0.95530581 -2.91088343
-1.12244892 2.59999990 -0.94622046 -2.87043428
-1.12244892 2.70000005 -0.93585867 -2.82509112
-1.12244892 2.79999995 -0.92489952 -2.77756095
-1.12244892 2.89999986 -0.91249925 -2.72534752
-1.12244892 2.99999976 -0.89883971 -2.66841412
-1.12244892 3.09999990 -0.88415575 -2.60818505
-1.12244892 3.20000005 -0.86823827 -2.54477930
-1.12244892 3.29999995 -0.85144997 -2.47882223
-1.12244892 3.40000010 -0.83422142 -2.41225886
-1.12244892 3.50000000 -0.81544679 -2.34125614
-1.12244892 3.59999990 -0.79634243 -2.27070594
-1.12244892 3.69999957 -0.77661598 -2.19904327
-1.12244892 3.79999995 -0.75645554 -2.12767410
-1.12244892 3.90000010 -0.73641616 -2.05730557
-1.12244892 4.00000000 -0.71577317 -1.98583734
-1.12244892 4.09999990 -0.69560325 -1.91804945
-0.91836733 0.10000000 -1.00000000 -2.91836739
-0.91836733 0.20000000 -1.00000000 -2.91836739
-0.91836733 0.30000001 -1.00000000 -2.91836739
-0.91836733 0.39999998 -1.00000000 -2.91836739
-0.91836733 0.50000000 -1.00000000 -2.91836739
-0.91836733 0.60000002 -0.99999964 -2.91836548
-0.91836733 0.69999993 -0.99999893 -2.91836190
-0.91836733 0.79999995 -0.99999195 -2.91832781
-0.91836733 0.89999998 -0.99996507 -2.91819596
-0.91836733 0.99999988 -0.99989879 -2.91787052
-0.91836733 1.10000002 -0.99972963 -2.91704178
-0.91836733 1.20000005 -0.99943250 -2.91559339
-0.91836733 1.29999995 -0.99893373 -2.91317534
-0.91836733 1.39999998 -0.99809009 -2.90910649
-0.91836733 1.49999988 -0.99693251 -2.90353703
-0.91836733 1.60000002 -0.99526405 -2.89560008
-0.91836733 1.70000005 -0.99307775 -2.88528371
-0.91836733 1.79999995 -0.99015784 -2.87163925
-0.91836733 1.89999986 -0.98662341 -2.85531664
-0.91836733 2.00000000 -0.98202652 -2.83435011
-0.91836733 2.09999990 -0.97663391 -2.81020188
-0.91836733 2.20000005 -0.97012061 -2.78135419
-0.91836733 2.29999995 -0.96249402 -2.74808025
-0.91836733 2.39999986 -0.95373070 -2.71080065
-0.91836733 2.49999976 -0.94376111 -2.66889524
-0.91836733 2.59999990 -0.93203992 -2.62072587
-0.91836733 2.70000005 -0.91969192 -2.57075977
-0.91836733 2.79999995 -0.90523046 -2.51382017
-0.91836733 2.89999986 -0.88956082 -2.45346475
-0.91836733 2.99999976 -0.87303102 -2.39126539
-0.91836733 3.09999990 -0.85455471 -2.32316279
-0.91836733 3.20000005 -0.83500952 -2.25314879
-0.91836733 3.29999995 -0.81470925 -2.18171716
-0.91836733 3.40000010 -0.79338551 -2.10887575
-0.91836733 3.50000000 -0.77083302 -2.03311372
-0.91836733 3.59999990 -0.74738353 -1.95677912
-0.91836733 3.69999957 -0.72431898 -1.88279068
-0.91836733 3.79999995 -0.70052820 -1.80822182
-0.91836733 3.90000010 -0.67757583 -1.73756671
-0.91836733 4.00000000 -0.65436304 -1.66806471
-0.91836733 4.09999990 -0.63145995 -1.60031605
-0.71428573 0.10000000 -1.00000000 -2.71428585
-0.71428573 0.20000000 -1.00000000 -2.71428585
-0.71428573 0.30000001 -1.00000000 -2.71428585
-0.71428573 0.39999998 -1.00000000 -2.71428585
-0.71428573 0.50000000 -1.00000000 -2.71428585
-0.71428573 0.60000002 -0.99999952 -2.71428347
-0.71428573 0.69999993 -0.99999696 -2.71427178
-0.71428573 0.79999995 -0.99998277 -2.71420479
-0.71428573 0.89999998 -0.99994302 -2.71401715
-0.71428573 0.99999988 -0.99984324 -2.71354961
-0.71428573 1.10000002 -0.99961060 -2.71246171
-0.71428573 1.20000005 -0.99917859 -2.71045494
-0.71428573 1.29999995 -0.99849844 -2.70729494
-0.71428573 1.39999998 -0.99742210 -2.70235229
-0.71428573 1.49999988 -0.99588352 -2.69535565
-0.71428573 1.60000002 -0.99374318 -2.68571877
-0.71428573 1.70000005 -0.99092287 -2.67312098
-0.71428573 1.79999995 -0.98714000 -2.65650392
-0.71428573 1.89999986 -0.98254859 -2.63659596
-0.71428573 2.00000000 -0.97667944 -2.61169124
-0.71428573 2.09999990 -0.96964711 -2.58226323
-0.71428573 2.20000005 -0.96120775 -2.54786158
-0.71428573 2.29999995 -0.95166355 -2.50949264
-0.71428573 2.39999986 -0.94007033 -2.46446705
-0.71428573 2.49999976 -0.92724049 -2.41538000
-0.71428573 2.59999990 -0.91215491 -2.35926485
-0.71428573 2.70000005 -0.89604604 -2.30106997
-0.71428573 2.79999995 -0.87718016 -2.23460698
-0.71428573 2.89999986 -0.85726792 -2.16668892
-0.71428573 2.99999976 -0.83494449 -2.09290767
-0.71428573 3.09999990 -0.81141090 -2.01683331
-0.71428573 3.20000005 -0.78661168 -1.93950737
-0.71428573 3.29999995 -0.76003432 -1.85900569
-0.71428573 3.40000010 -0.73381472 -1.78151667
-0.71428573 3.50000000 -0.70594370 -1.70138001
-0.71428573 3.59999990 -0.67903113 -1.62619662
-0.71428573 3.69999957 -0.65124363 -1.55045021
-0.71428573 3.79999995 -0.62367857 -1.47758341
-0.71428573 3.90000010 -0.59718406 -1.40813386
-0.71428573 4.00000000 -0.57155007 -1.34296119
-0.71428573 4.09999990 -0.54604638 -1.27968085
-0.51020408 0.10000000 -1.00000000 -2.51020408
-0.51020408 0.20000000 -1.00000000 -2.51020408
-0.51020408 0.30000001 -1.00000000 -2.51020408
-0.51020408 0.39999998 -1.00000000 -2.51020408
-0.51020408 0.50000000 -0.99999988 -2.51020360
-0.51020408 0.60000002 -0.99999952 -2.51020193
-0.51020408 0.69999993 -0.99999392 -2.51017666
-0.51020408 0.79999995 -0.99997252 -2.51008034
-0.51020408 0.89999998 -0.99990565 -2.50977993
-0.51020408 0.99999988 -0.99975646 -2.50911379
-0.51020408 1.10000002 -0.99942529 -2.50763583
-0.51020408 1.20000005 -0.99884731 -2.50507593
-0.51020408 1.29999995 -0.99785256 -2.50071406
-0.51020408 1.39999998 -0.99639308 -2.49437594
-0.51020408 1.49999988 -0.99444288 -2.48599362
-0.51020408 1.60000002 -0.99159205 -2.47388816
-0.51020408 1.70000005 -0.98777890 -2.45806885
-0.51020408 1.79999995 -0.98277587 -2.43759894
-0.51020408 1.89999986 -0.97674596 -2.41345072
-0.51020408 2.00000000 -0.96889222 -2.38276243
-0.51020408 2.09999990 -0.95984352 -2.34826469
-0.51020408 2.20000005 -0.94877356 -2.30699515
-0.51020408 2.29999995 -0.93541700 -2.25910783
-0.51020408 2.39999986 -0.92007202 -2.20569491
-0.51020408 2.49999976 -0.90215331 -2.14533377
-0.51020408 2.59999990 -0.88175732 -2.07925844
-0.51020408 2.70000005 -0.85856688 -2.00706768
-0.51020408 2.79999995 -0.83288223 -1.92960227
-0.51020408 2.89999986 -0.80468017 -1.84847450
-0.51020408 2.99999976 -0.77465051 -1.76505089
-0.51020408 3.09999990 -0.74308729 -1.68072498
-0.51020408 3.20000005 -0.71018225 -1.59588480
-0.51020408 3.29999995 -0.67600429 -1.51082230
-0.51020408 3.40000010 -0.64115757 -1.42757702
-0.51020408 3.50000000 -0.60852236 -1.35154235
-0.51020408 3.59999990 -0.57544911 -1.27633083
-0.51020408 3.69999957 -0.54322910 -1.20583665
-0.51020408 3.79999995 -0.51331687 -1.14128971
-0.51020408 3.90000010 -0.48600316 -1.08308947
-0.51020408 4.00000000 -0.45881322 -1.02654660
-0.51020408 4.09999990 -0.43382043 -0.97539455
-0.30612245 0.10000000 -1.00000000 -2.30612254
-0.30612245 0.20000000 -1.00000000 -2.30612254
-0.30612245 0.30000001 -1.00000000 -2.30612254
-0.30612245 0.39999998 -1.00000000 -2.30612254
-0.30612245 0.50000000 -1.00000000 -2.30612254
-0.30612245 0.60000002 -0.99999851 -2.30611634
-0.30612245 0.69999993 -0.99999106 -2.30608416
-0.30612245 0.79999995 -0.99995506 -2.30592966
-0.30612245 0.89999998 -0.99985743 -2.30551219
-0.30612245 0.99999988 -0.99961573 -2.30448413
-0.30612245 1.10000002 -0.99915528 -2.30254006
-0.30612245 1.20000005 -0.99837363 -2.29926562
-0.30612245 1.29999995 -0.99701279 -2.29362965
-0.30612245 1.39999998 -0.99503881 -2.28558326
-0.30612245 1.49999988 -0.99221230 -2.27427530
-0.30612245 1.60000002 -0.98844224 -2.25944018
-0.30612245 1.70000005 -0.98319447 -2.23928189
-0.30612245 1.79999995 -0.97646463 -2.21413064
-0.30612245 1.89999986 -0.96774119 -2.18258286
-0.30612245 2.00000000 -0.95730871 -2.14616442
-0.30612245 2.09999990 -0.94402403 -2.10130048
-0.30612245 2.20000005 -0.92785764 -2.04934263
-0.30612245 2.29999995 -0.90795583 -1.98821568
-0.30612245 2.39999986 -0.88475668 -1.92034292
-0.30612245 2.49999976 -0.85700476 -1.84336603
-0.30612245 2.59999990 -0.82537258 -1.76052105
-0.30612245 2.70000005 -0.78945363 -1.67142236
-0.30612245 2.79999995 -0.74844909 -1.57675254
-0.30612245 2.89999986 -0.70554101 -1.48186624
-0.30612245 2.99999976 -0.65929627 -1.38539052
-0.30612245 3.09999990 -0.61279881 -1.29332173
-0.30612245 3.20000005 -0.56694335 -1.20680749
-0.30612245 3.29999995 -0.52401280 -1.12698460
-0.30612245 3.40000010 -0.48219532 -1.05411422
-0.30612245 3.50000000 -0.44521412 -0.98906398
-0.30612245 3.59999990 -0.41054431 -0.92946297
-0.30612245 3.69999957 -0.38068372 -0.87866694
-0.30612245 3.79999995 -0.35158265 -0.83015126
-0.30612245 3.90000010 -0.32740918 -0.78924710
-0.30612245 4.00000000 -0.30475757 -0.75086564
-0.30612245 4.09999990 -0.28511998 -0.71786344
-0.10204082 0.10000000 -1.00000000 -2.10204077
-0.10204082 0.20000000 -1.00000000 -2.10204077
-0.10204082 0.30000001 -1.00000000 -2.10204077
-0.10204082 0.39999998 -1.00000000 -2.10204077
-0.10204082 0.50000000 -0.99999988 -2.10204029
-0.10204082 0.60000002 -0.99999720 -2.10202932
-0.10204082 0.69999993 -0.99998415 -2.10197639
-0.10204082 0.79999995 -0.99992383 -2.10172987
-0.10204082 0.89999998 -0.99978006 -2.10114980
-0.10204082 0.99999988 -0.99941552 -2.09968543
-0.10204082 1.10000002 -0.99873352 -2.09697270
-0.10204082 1.20000005 -0.99755007 -2.09231520
-0.10204082 1.29999995 -0.99565136 -2.08501959
-0.10204082 1.39999998 -0.99289757 -2.07460761
-0.10204082 1.49999988 -0.98880666 -2.05960131
-0.10204082 1.60000002 -0.98345053 -2.04052877
-0.10204082 1.70000005 -0.97582519 -2.01453018
-0.10204082 1.79999995 -0.96589565 -1.98191702
-0.10204082 1.89999986 -0.95259267 -1.94073045
-0.10204082 2.00000000 -0.93515855 -1.88999391
-0.10204082 2.09999990 -0.91301674 -1.82991958
-0.10204082 2.20000005 -0.88205284 -1.75417507
-0.10204082 2.29999995 -0.84355325 -1.66877115
-0.10204082 2.39999986 -0.79253042 -1.56716776
-0.10204082 2.49999976 -0.72732276 -1.45241094
-0.10204082 2.59999990 -0.64890176 -1.33190584
-0.10204082 2.70000005 -0.56220472 -1.21322477
-0.10204082 2.79999995 -0.48093066 -1.10804427
-0.10204082 2.89999986 -0.40858814 -1.01650691
-0.10204082 2.99999976 -0.34362695 -0.93751490
-0.10204082 3.09999990 -0.29491895 -0.87713921
-0.10204082 3.20000005 -0.25512952 -0.82401848
-0.10204082 3.29999995 -0.22186072 -0.77992791
-0.10204082 3.40000010 -0.19556861 -0.73950481
-0.10204082 3.50000000 -0.17351221 -0.70524681
-0.10204082 3.59999990 -0.15746264 -0.67576462
-0.10204082 3.69999957 -0.14055555 -0.64847815
-0.10204082 3.79999995 -0.12845495 -0.62367135
-0.10204082 3.90000010 -0.11712207 -0.60165387
-0.10204082 4.00000000 -0.10870996 -0.58100569
-0.10204082 4.09999990 -0.10014026 -0.56131583
0.10204082 0.10000000 1.00000000 -2.10204077
0.10204082 0.20000000 1.00000000 -2.10204077
0.10204082 0.30000001 1.00000000 -2.10204077
0.10204082 0.39999998 1.00000000 -2.10204077
0.10204082 0.50000000 0.99999964 -2.10203934
0.10204082 0.60000002 0.99999708 -2.10202885
0.10204082 0.69999993 0.99998367 -2.10197377
0.10204082 0.79999995 0.99992311 -2.10172653
0.10204082 0.89999998 0.99977088 -2.10111284
0.10204082 0.99999988 0.99942273 -2.09971118
0.10204082 1.10000002 0.99875271 -2.09704709
0.10204082 1.20000005 0.99754953 -2.09231687
0.10204082 1.29999995 0.99570787 -2.08521104
0.10204082 1.39999998 0.99286854 -2.07449222
0.10204082 1.49999988 0.98885071 -2.05976057
0.10204082 1.60000002 0.98335814 -2.04029536
0.10204082 1.70000005 0.97591430 -2.01462197
0.10204082 1.79999995 0.96604091 -1.98235559
0.10204082 1.89999986 0.95283192 -1.94099724
0.10204082 2.00000000 0.93544215 -1.89066350
0.10204082 2.09999990 0.91277391 -1.82924366
0.10204082 2.20000005 0.88394797 -1.75719368
0.10204082 2.29999995 0.84377271 -1.66882968
0.10204082 2.39999986 0.79231626 -1.56700170
0.10204082 2.49999976 0.72572720 -1.45045960
0.10204082 2.59999990 0.64875388 -1.33056998
0.10204082 2.70000005 0.56577599 -1.21576035
0.10204082 2.79999995 0.48476636 -1.11000621
0.10204082 2.89999986 0.40895581 -1.01658297
0.10204082 2.99999976 0.34401745 -0.93853915
0.10204082 3.09999990 0.29533094 -0.87693638
0.10204082 3.20000005 0.25633118 -0.82512623
0.10204082 3.29999995 0.22242492 -0.77840346
0.10204082 3.40000010 0.19488269 -0.73909277
0.10204082 3.50000000 0.17406213 -0.70512229
0.10204082 3.59999990 0.15468518 -0.67464358
0.10204082 3.69999957 0.13959326 -0.64757037
0.10204082 3.79999995 0.12791845 -0.62296647
0.10204082 3.90000010 0.11805469 -0.60170925
0.10204082 4.00000000 0.10801111 -0.58098954
0.10204082 4.09999990 0.09975293 -0.56148577
0.30612245 0.10000000 1.00000000 -2.30612254
0.30612245 0.20000000 1.00000000 -2.30612254
0.30612245 0.30000001 1.00000000 -2.30612254
0.30612245 0.39999998 1.00000000 -2.30612254
0.30612245 0.50000000 1.00000000 -2.30612254
0.30612245 0.60000002 0.99999917 -2.30611897
0.30612245 0.69999993 0.99999070 -2.30608249
0.30612245 0.79999995 0.99995214 -2.30591726
0.30612245 0.89999998 0.99985510 -2.30550313
0.30612245 0.99999988 0.99961096 -2.30446219
0.30612245 1.10000002 0.99915111 -2.30251384
0.30612245 1.20000005 0.99834925 -2.29917073
0.30612245 1.29999995 0.99702525 -2.29368281
0.30612245 1.39999998 0.99500710 -2.28548908
0.30612245 1.49999988 0.99226123 -2.27443361
0.30612245 1.60000002 0.98833168 -2.25906229
0.30612245 1.70000005 0.98318434 -2.23919082
0.30612245 1.79999995 0.97644067 -2.21408319
0.30612245 1.89999986 0.96811938 -2.18392658
0.30612245 2.00000000 0.95729482 -2.14598036
0.30612245 2.09999990 0.94376636 -2.10054326
0.30612245 2.20000005 0.92786717 -2.04948330
0.30612245 2.29999995 0.90830445 -1.98881578
0.30612245 2.39999986 0.88528550 -1.92127311
0.30612245 2.49999976 0.85712391 -1.84368932
0.30612245 2.59999990 0.82548338 -1.76076102
0.30612245 2.70000005 0.78866285 -1.67047155
0.30612245 2.79999995 0.74826866 -1.57641947
0.30612245 2.89999986 0.70453358 -1.47989666
0.30612245 2.99999976 0.65933937 -1.38645351
0.30612245 3.09999990 0.61364502 -1.29523337
0.30612245 3.20000005 0.56805921 -1.20822966
0.30612245 3.29999995 0.52404904 -1.12627673
0.30612245 3.40000010 0.48243055 -1.05355513
0.30612245 3.50000000 0.44510522 -0.98926502
0.30612245 3.59999990 0.41148144 -0.93029010
0.30612245 3.69999957 0.37992200 -0.87711078
0.30612245 3.79999995 0.35295287 -0.83197135
0.30612245 3.90000010 0.32784340 -0.78998083
0.30612245 4.00000000 0.30425781 -0.74991429
0.30612245 4.09999990 0.28453588 -0.71831447
0.51020408 0.10000000 1.00000000 -2.51020408
0.51020408 0.20000000 1.00000000 -2.51020408
0.51020408 0.30000001 1.00000000 -2.51020408
0.51020408 0.39999998 1.00000000 -2.51020408
0.51020408 0.50000000 1.00000000 -2.51020408
0.51020408 0.60000002 0.99999940 -2.51020122
0.51020408 0.69999993 0.99999547 -2.51018381
0.51020408 0.79999995 0.99997598 -2.51009583
0.51020408 0.89999998 0.99991429 -2.50981784
0.51020408 0.99999988 0.99975157 -2.50908899
0.51020408 1.10000002 0.99942237 -2.50762415
0.51020408 1.20000005 0.99885243 -2.50509858
0.51020408 1.29999995 0.99787807 -2.50082564
0.51020408 1.39999998 0.99647951 -2.49474740
0.51020408 1.49999988 0.99436599 -2.48568416
0.51020408 1.60000002 0.99149144 -2.47351360
0.51020408 1.70000005 0.98773599 -2.45790958
0.51020408 1.79999995 0.98272926 -2.43738580
0.51020408 1.89999986 0.97665870 -2.41316295
0.51020408 2.00000000 0.96882045 -2.38251042
0.51020408 2.09999990 0.95972729 -2.34772038
0.51020408 2.20000005 0.94853139 -2.30629897
0.51020408 2.29999995 0.93526649 -2.25866675
0.51020408 2.39999986 0.91981667 -2.20501781
0.51020408 2.49999976 0.90226638 -2.14566278
0.51020408 2.59999990 0.88137561 -2.07817578
0.51020408 2.70000005 0.85847473 -2.00715113
0.51020408 2.79999995 0.83323121 -1.93116951
0.51020408 2.89999986 0.80505347 -1.84919810
0.51020408 2.99999976 0.77435315 -1.76411545
0.51020408 3.09999990 0.74430579 -1.68381357
0.51020408 3.20000005 0.71021914 -1.59539211
0.51020408 3.29999995 0.67697632 -1.51354325
0.51020408 3.40000010 0.64126807 -1.42836726
0.51020408 3.50000000 0.60827941 -1.35145235
0.51020408 3.59999990 0.57422495 -1.27463186
0.51020408 3.69999957 0.54418421 -1.20742238
0.51020408 3.79999995 0.51377505 -1.14222360
0.51020408 3.90000010 0.48460692 -1.08054852
0.51020408 4.00000000 0.45890355 -1.02703190
0.51020408 4.09999990 0.43300414 -0.97499275
0.71428573 0.10000000 1.00000000 -2.71428585
0.71428573 0.20000000 1.00000000 -2.71428585
0.71428573 0.30000001 1.00000000 -2.71428585
0.71428573 0.39999998 1.00000000 -2.71428585
0.71428573 0.50000000 1.00000000 -2.71428585
0.71428573 0.60000002 1.00000000 -2.71428585
0.71428573 0.69999993 0.99999708 -2.71427202
0.71428573 0.79999995 0.99998486 -2.71421456
0.71428573 0.89999998 0.99993849 -2.71399665
0.71428573 0.99999988 0.99983668 -2.71351862
0.71428573 1.10000002 0.99961716 -2.71249175
0.71428573 1.20000005 0.99921912 -2.71063614
0.71428573 1.29999995 0.99850047 -2.70730424
0.71428573 1.39999998 0.99741846 -2.70234156
0.71428573 1.49999988 0.99588889 -2.69538260
0.71428573 1.60000002 0.99378186 -2.68587756
0.71428573 1.70000005 0.99078810 -2.67252684
0.71428573 1.79999995 0.98717409 -2.65670013
0.71428573 1.89999986 0.98244435 -2.63620138
0.71428573 2.00000000 0.97662282 -2.61139965
0.71428573 2.09999990 0.96976137 -2.58276534
0.71428573 2.20000005 0.96134460 -2.54834580
0.71428573 2.29999995 0.95164686 -2.50960827
0.71428573 2.39999986 0.94028282 -2.46512294
0.71428573 2.49999976 0.92722851 -2.41544580
0.71428573 2.59999990 0.91239405 -2.36014581
0.71428573 2.70000005 0.89541221 -2.29878592
0.71428573 2.79999995 0.87718737 -2.23477864
0.71428573 2.89999986 0.85713732 -2.16622186
0.71428573 2.99999976 0.83532655 -2.09383297
0.71428573 3.09999990 0.81133509 -2.01652598
0.71428573 3.20000005 0.78724718 -1.94135094
0.71428573 3.29999995 0.76079249 -1.86106575
0.71428573 3.40000010 0.73359752 -1.78133273
0.71428573 3.50000000 0.70641685 -1.70294356
0.71428573 3.59999990 0.67880899 -1.62548196
0.71428573 3.69999957 0.65174490 -1.55158973
0.71428573 3.79999995 0.62397361 -1.47813928
0.71428573 3.90000010 0.59781992 -1.41018808
0.71428573 4.00000000 0.57164085 -1.34333515
0.71428573 4.09999990 0.54660732 -1.28055930
0.91836733 0.10000000 1.00000000 -2.91836739
0.91836733 0.20000000 1.00000000 -2.91836739
0.91836733 0.30000001 1.00000000 -2.91836739
0.91836733 0.39999998 1.00000000 -2.91836739
0.91836733 0.50000000 1.00000000 -2.91836739
0.91836733 0.60000002 0.99999952 -2.91836500
0.91836733 0.69999993 0.99999881 -2.91836143
0.91836733 0.79999995 0.99998963 -2.91831636
0.91836733 0.89999998 0.99996436 -2.91819215
0.91836733 0.99999988 0.99989170 -2.91783524
0.91836733 1.10000002 0.99973547 -2.91707158
0.91836733 1.20000005 0.99943835 -2.91562486
0.91836733 1.29999995 0.99891186 -2.91306329
0.91836733 1.39999998 0.99812281 -2.90925837
0.91836733 1.49999988 0.99693871 -2.90356064
0.91836733 1.60000002 0.99523437 -2.89543653
0.91836733 1.70000005 0.99299693 -2.88492155
0.91836733 1.79999995 0.99018359 -2.87177396
0.91836733 1.89999986 0.98652381 -2.85487032
0.91836733 2.00000000 0.98210192 -2.83475685
0.91836733 2.09999990 0.97666025 -2.81029248
0.91836733 2.20000005 0.97000796 -2.78085017
0.91836733 2.29999995 0.96272314 -2.74910522
0.91836733 2.39999986 0.95361680 -2.71012759
0.91836733 2.49999976 0.94357193 -2.66806126
0.91836733 2.59999990 0.93227255 -2.62151432
0.91836733 2.70000005 0.91938633 -2.56972814
0.91836733 2.79999995 0.90507936 -2.51339197
0.91836733 2.89999986 0.88942784 -2.45293117
0.91836733 2.99999976 0.87264818 -2.39001584
0.91836733 3.09999990 0.85468590 -2.32343197
0.91836733 3.20000005 0.83508521 -2.25339723
0.91836733 3.29999995 0.81398350 -2.17922878
0.91836733 3.40000010 0.79320639 -2.10815907
0.91836733 3.50000000 0.77050513 -2.03216028
0.91836733 3.59999990 0.74721193 -1.95614743
0.91836733 3.69999957 0.72428614 -1.88232672
0.91836733 3.79999995 0.70101464 -1.80977476
0.91836733 3.90000010 0.67734510 -1.73707235
0.91836733 4.00000000 0.65360671 -1.66628325
0.91836733 4.09999990 0.63145298 -1.60039365
1.12244892 0.10000000 1.00000000 -3.12244892
1.12244892 0.20000000 1.00000000 -3.12244892
1.12244892 0.30000001 1.00000000 -3.12244892
1.12244892 0.39999998 1.00000000 -3.12244892
1.12244892 0.50000000 1.00000000 -3.12244892
1.12244892 0.60000002 1.00000000 -3.12244892
1.12244892 0.69999993 0.99999917 -3.12244463
1.12244892 0.79999995 0.99999523 -3.12242460
1.12244892 0.89999998 0.99997717 -3.12233210
1.12244892 0.99999988 0.99993032 -3.12209249
1.12244892 1.10000002 0.99982226 -3.12154055
1.12244892 1.20000005 0.99960190 -3.12041855
1.12244892 1.29999995 0.99921423 -3.11845088
1.12244892 1.39999998 0.99862391 -3.11546874
1.12244892 1.49999988 0.99771154 -3.11087227
1.12244892 1.60000002 0.99638355 -3.10423064
1.12244892 1.70000005 0.99471128 -3.09593296
1.12244892 1.79999995 0.99236816 -3.08439994
1.12244892 1.89999986 0.98957431 -3.07074928
1.12244892 2.00000000 0.98592454 -3.05311370
1.12244892 2.09999990 0.98153698 -3.03214312
1.12244892 2.20000005 0.97627771 -3.00726008
1.12244892 2.29999995 0.97037619 -2.97985983
1.12244892 2.39999986 0.96321923 -2.94686675
1.12244892 2.49999976 0.95534033 -2.91121268
1.12244892 2.59999990 0.94621885 -2.87048650
1.12244892 2.70000005 0.93593276 -2.82551098
1.12244892 2.79999995 0.92458081 -2.77630997
1.12244892 2.89999986 0.91239846 -2.72472048
1.12244892 2.99999976 0.89864260 -2.66744709
1.12244892 3.09999990 0.88419497 -2.60860109
1.12244892 3.20000005 0.86835009 -2.54510331
1.12244892 3.29999995 0.85109729 -2.47750735
1.12244892 3.40000010 0.83376771 -2.41092753
1.12244892 3.50000000 0.81541580 -2.34170985
1.12244892 3.59999990 0.79644787 -2.27116632
1.12244892 3.69999957 0.77734995 -2.20164824
1.12244892 3.79999995 0.75687683 -2.12855148
1.12244892 3.90000010 0.73604381 -2.05563617
1.12244892 4.00000000 0.71536082 -1.98465693
1.12244892 4.09999990 0.69467616 -1.91482520
1.32653058 0.10000000 1.00000000 -3.32653046
1.32653058 0.20000000 1.00000000 -3.32653046
1.32653058 0.30000001 1.00000000 -3.32653046
1.32653058 0.39999998 1.00000000 -3.32653046
1.32653058 0.50000000 1.00000000 -3.32653046
1.32653058 0.60000002 1.00000000 -3.32653046
1.32653058 0.69999993 0.99999940 -3.32652712
1.32653058 0.79999995 0.99999648 -3.32651162
1.32653058 0.89999998 0.99998379 -3.32644391
1.32653058 0.99999988 0.99995327 -3.32628155
1.32653058 1.10000002 0.99988049 -3.32589507
1.32653058 1.20000005 0.99972057 -3.32504582
1.32653058 1.29999995 0.99944162 -3.32357097
1.32653058 1.39999998 0.99898523 -3.32116222
1.32653058 1.49999988 0.99828750 -3.31749487
1.32653058 1.60000002 0.99727333 -3.31217480
1.32653058 1.70000005 0.99589002 -3.30499864
1.32653058 1.79999995 0.99409890 -3.29572415
1.32653058 1.89999986 0.99179238 -3.28388095
1.32653058 2.00000000 0.98892039 -3.26922560
1.32653058 2.09999990 0.98542905 -3.25160456
1.32653058 2.20000005 0.98105299 -3.22978449
1.32653058 2.29999995 0.97617227 -3.20556116
1.32653058 2.39999986 0.97044092 -3.17745495
1.32653058 2.49999976 0.96398842 -3.14625669
1.32653058 2.59999990 0.95678723 -3.11182022
1.32653058 2.70000005 0.94827271 -3.07159448
1.32653058 2.79999995 0.93900746 -3.02868652
1.32653058 2.89999986 0.92875522 -2.98155642
1.32653058 2.99999976 0.91774350 -2.93206310
1.32653058 3.09999990 0.90527868 -2.87674236
1.32653058 3.20000005 0.89221156 -2.81975174
1.32653058 3.29999995 0.87888807 -2.76222658
1.32653058 3.40000010 0.86379075 -2.69801688
1.32653058 3.50000000 0.84867740 -2.63499689
1.32653058 3.59999990 0.83200645 -2.56678843
1.32653058 3.69999957 0.81560117 -2.50104332
1.32653058 3.79999995 0.79832143 -2.43236303
1.32653058 3.90000010 0.78080714 -2.36403275
1.32653058 4.00000000 0.76289284 -2.29534101
1.32653058 4.09999990 0.74478757 -2.22690320
1.53061223 0.10000000 1.00000000 -3.53061223
1.53061223 0.20000000 1.00000000 -3.53061223
1.53061223 0.30000001 1.00000000 -3.53061223
1.53061223 0.39999998 1.00000000 -3.53061223
1.53061223 0.50000000 1.00000000 -3.53061223
1.53061223 0.60000002 1.00000000 -3.53061223
1.53061223 0.69999993 0.99999976 -3.53061080
1.53061223 0.79999995 0.99999779 -3.53060007
1.53061223 0.89999998 0.99999243 -3.53057027
1.53061223 0.99999988 0.99996436 -3.53041506
1.53061223 1.10000002 0.99991649 -3.53015041
1.53061223 1.20000005 0.99979872 -3.52950048
1.53061223 1.29999995 0.99959165 -3.52836061
1.53061223 1.39999998 0.99925339 -3.52649975
1.53061223 1.49999988 0.99870151 -3.52347898
1.53061223 1.60000002 0.99792397 -3.51923513
1.53061223 1.70000005 0.99680334 -3.51314139
1.53061223 1.79999995 0.99538904 -3.50548863
1.53061223 1.89999986 0.99351549 -3.49541140
1.53061223 2.00000000 0.99117738 -3.48293161
1.53061223 2.09999990 0.98833901 -3.46784210
1.53061223 2.20000005 0.98486084 -3.44958210
1.53061223 2.29999995 0.98077542 -3.42821908
1.53061223 2.39999986 0.97612417 -3.40414977
1.53061223 2.49999976 0.97075784 -3.37667322
1.53061223 2.59999990 0.96455348 -3.34519482
1.53061223 2.70000005 0.95761269 -3.31037354
1.53061223 2.79999995 0.94991541 -3.27216983
1.53061223 2.89999986 0.94147742 -3.23091030
1.53061223 2.99999976 0.93204993 -3.18528652
1.53061223 3.09999990 0.92187595 -3.13664865
1.53061223 3.20000005 0.91090697 -3.08501053
1.53061223 3.29999995 0.89931285 -3.03092265
1.53061223 3.40000010 0.88691384 -2.97436070
1.53061223 3.50000000 0.87375730 -2.91466141
1.53061223 3.59999990 0.86014467 -2.85389924
1.53061223 3.69999957 0.84566736 -2.79069042
1.53061223 3.79999995 0.83074331 -2.72544670
1.53061223 3.90000010 0.81556445 -2.66089487
1.53061223 4.00000000 0.79954600 -2.59360051
1.53061223 4.09999990 0.78355640 -2.52696490
1.73469388 0.10000000 1.00000000 -3.73469400
1.73469388 0.20000000 1.00000000 -3.73469400
1.73469388 0.30000001 1.00000000 -3.73469400
1.73469388 0.39999998 1.00000000 -3.73469400
1.73469388 0.50000000 1.00000000 -3.73469400
1.73469388 0.60000002 1.00000000 -3.73469400
1.73469388 0.69999993 1.00000000 -3.73469400
1.73469388 0.79999995 0.99999928 -3.73468971
1.73469388 0.89999998 0.99999535 -3.73466730
1.73469388 0.99999988 0.99997789 -3.73456717
1.73469388 1.10000002 0.99994248 -3.73436427
1.73469388 1.20000005 0.99985975 -3.73389030
1.73469388 1.29999995 0.99969321 -3.73293805
1.73469388 1.39999998 0.99943358 -3.73145652
1.73469388 1.49999988 0.99902087 -3.72911000
1.73469388 1.60000002 0.99841380 -3.72566009
1.73469388 1.70000005 0.99752843 -3.72064614
1.73469388 1.79999995 0.99641258 -3.71435022
1.73469388 1.89999986 0.99486768 -3.70568323
1.73469388 2.00000000 0.99302834 -3.69541121
1.73469388 2.09999990 0.99057657 -3.68177390
1.73469388 2.20000005 0.98775095 -3.66619849
1.73469388 2.29999995 0.98447287 -3.64825106
1.73469388 2.39999986 0.98054063 -3.62680697
1.73469388 2.49999976 0.97601467 -3.60247207
1.73469388 2.59999990 0.97065794 -3.57375717
1.73469388 2.70000005 0.96495885 -3.54351568
1.73469388 2.79999995 0.95848960 -3.50964499
1.73469388 2.89999986 0.95130211 -3.47226667
1.73469388 2.99999976 0.94342971 -3.43174911
1.73469388 3.09999990 0.93483365 -3.38808942
1.73469388 3.20000005 0.92536867 -3.34055996
1.73469388 3.29999995 0.91564745 -3.29194307
1.73469388 3.40000010 0.90494883 -3.23955083
1.73469388 3.50000000 0.89359641 -3.18421030
1.73469388 3.59999990 0.88172776 -3.12757325
1.73469388 3.69999957 0.86911559 -3.06780720
1.73469388 3.79999995 0.85642213 -3.00836110
1.73469388 3.90000010 0.84316808 -2.94707274
1.73469388 4.00000000 0.82890540 -2.88220263
1.73469388 4.09999990 0.81479722 -2.81830907
1.93877554 0.10000000 1.00000000 -3.93877554
1.93877554 0.20000000 1.00000000 -3.93877554
1.93877554 0.30000001 1.00000000 -3.93877554
1.93877554 0.39999998 1.00000000 -3.93877554
1.93877554 0.50000000 1.00000000 -3.93877554
1.93877554 0.60000002 1.00000000 -3.93877554
1.93877554 0.69999993 0.99999964 -3.93877339
1.93877554 0.79999995 0.99999917 -3.93877053
1.93877554 0.89999998 0.99999648 -3.93875456
1.93877554 0.99999988 0.99998522 -3.93868804
1.93877554 1.10000002 0.99995583 -3.93851328
1.93877554 1.20000005 0.99989736 -3.93816686
1.93877554 1.29999995 0.99978137 -3.93747878
1.93877554 1.39999998 0.99956679 -3.93620872
1.93877554 1.49999988 0.99926233 -3.93441176
1.93877554 1.60000002 0.99877709 -3.93154478
1.93877554 1.70000005 0.99810731 -3.92761087
1.93877554 1.79999995 0.99714869 -3.92198396
1.93877554 1.89999986 0.99592441 -3.91483355
1.93877554 2.00000000 0.99432921 -3.90556073
1.93877554 2.09999990 0.99238747 -3.89430690
1.93877554 2.20000005 0.99003881 -3.88078904
1.93877554 2.29999995 0.98725182 -3.86483002
1.93877554 2.39999986 0.98394787 -3.84597015
1.93877554 2.49999976 0.98011535 -3.82431960
1.93877554 2.59999990 0.97576404 -3.79994965
1.93877554 2.70000005 0.97090137 -3.77284718
1.93877554 2.79999995 0.96527404 -3.74175835
1.93877554 2.89999986 0.95912147 -3.70806456
1.93877554 2.99999976 0.95241213 -3.67161179
1.93877554 3.09999990 0.94511950 -3.63233209
1.93877554 3.20000005 0.93727368 -3.59048605
1.93877554 3.29999995 0.92837328 -3.54356933
1.93877554 3.40000010 0.91927648 -3.49606633
1.93877554 3.50000000 0.90952480 -3.44554973
1.93877554 3.59999990 0.89902353 -3.39214349
1.93877554 3.69999957 0.88822329 -3.33740354
1.93877554 3.79999995 0.87681442 -3.28036594
1.93877554 3.90000010 0.86515927 -3.22254157
1.93877554 4.00000000 0.85296595 -3.16267610
1.93877554 4.09999990 0.83996338 -3.10003853
2.14285707 0.10000000 1.00000000 -4.14285707
2.14285707 0.20000000 1.00000000 -4.14285707
2.14285707 0.30000001 1.00000000 -4.14285707
2.14285707 0.39999998 1.00000000 -4.14285707
2.14285707 0.50000000 1.00000000 -4.14285707
2.14285707 0.60000002 1.00000000 -4.14285707
2.14285707 0.69999993 1.00000000 -4.14285707
2.14285707 0.79999995 0.99999964 -4.14285469
2.14285707 0.89999998 0.99999756 -4.14284229
2.14285707 0.99999988 0.99998903 -4.14278936
2.14285707 1.10000002 0.99997067 -4.14267683
2.14285707 1.20000005 0.99992734 -4.14241076
2.14285707 1.29999995 0.99984509 -4.14190626
2.14285707 1.39999998 0.99968052 -4.14089727
2.14285707 1.49999988 0.99943662 -4.13940573
2.14285707 1.60000002 0.99905348 -4.13706636
2.14285707 1.70000005 0.99850816 -4.13373137
2.14285707 1.79999995 0.99771655 -4.12892437
2.14285707 1.89999986 0.99675804 -4.12311697
2.14285707 2.00000000 0.99549806 -4.11549854
2.14285707 2.09999990 0.99389309 -4.10583067
2.14285707 2.20000005 0.99187583 -4.09374380
2.14285707 2.29999995 0.98953295 -4.07975578
2.14285707 2.39999986 0.98676121 -4.06330109
2.14285707 2.49999976 0.98349500 -4.04403925
2.14285707 2.59999990 0.97979152 -4.02229977
2.14285707 2.70000005 0.97547448 -3.99715161
2.14285707 2.79999995 0.97091836 -3.97080421
2.14285707 2.89999986 0.96553832 -3.93982077
2.14285707 2.99999976 0.95973802 -3.90669322
2.14285707 3.09999990 0.95355600 -3.87158918
2.14285707 3.20000005 0.94645995 -3.83204556
2.14285707 3.29999995 0.93907738 -3.79085159
2.14285707 3.40000010 0.93114805 -3.74711633
2.14285707 3.50000000 0.92252028 -3.69995141
2.14285707 3.59999990 0.91362661 -3.65167403
2.14285707 3.69999957 0.90404588 -3.60029554
2.14285707 3.79999995 0.89389956 -3.54650307
2.14285707 3.90000010 0.88342321 -3.49140120
2.14285707 4.00000000 0.87240285 -3.43380213
2.14285707 4.09999990 0.86120081 -3.37581015
2.34693885 0.10000000 1.00000000 -4.34693909
2.34693885 0.20000000 1.00000000 -4.34693909
2.34693885 0.30000001 1.00000000 -4.34693909
2.34693885 0.39999998 1.00000000 -4.34693909
2.34693885 0.50000000 1.00000000 -4.34693909
2.34693885 0.60000002 1.00000000 -4.34693909
2.34693885 0.69999993 1.00000000 -4.34693909
2.34693885 0.79999995 0.99999988 -4.34693813
2.34693885 0.89999998 0.99999851 -4.34692955
2.34693885 0.99999988 0.99999392 -4.34690046
2.34693885 1.10000002 0.99998289 -4.34683037
2.34693885 1.20000005 0.99994910 -4.34661627
2.34693885 1.29999995 0.99987864 -4.34616947
2.34693885 1.39999998 0.99976015 -4.34541798
2.34693885 1.49999988 0.99956715 -4.34419632
2.34693885 1.60000002 0.99927735 -4.34236336
2.34693885 1.70000005 0.99882925 -4.33953476
2.34693885 1.79999995 0.99824291 -4.33584023
2.34693885 1.89999986 0.99740613 -4.33059025
2.34693885 2.00000000 0.99637061 -4.32408619
2.34693885 2.09999990 0.99503541 -4.31574440
2.34693885 2.20000005 0.99334598 -4.30523205
2.34693885 2.29999995 0.99134731 -4.29285097
2.34693885 2.39999986 0.98901623 -4.27844906
2.34693885 2.49999976 0.98623925 -4.26138449
2.34693885 2.59999990 0.98303062 -4.24180698
2.34693885 2.70000005 0.97948414 -4.22019672
2.34693885 2.79999995 0.97527772 -4.19474125
2.34693885 2.89999986 0.97085559 -4.16826582
2.34693885 2.99999976 0.96573681 -4.13769722
2.34693885 3.09999990 0.96021754 -4.10500669
2.34693885 3.20000005 0.95434618 -4.07047510
2.34693885 3.29999995 0.94765818 -4.03156996
2.34693885 3.40000010 0.94073671 -3.99122381
2.34693885 3.50000000 0.93319595 -3.94781232
2.34693885 3.59999990 0.92513806 -3.90180206
2.34693885 3.69999957 0.91687185 -3.85513377
2.34693885 3.79999995 0.90788198 -3.80457282
2.34693885 3.90000010 0.89825076 -3.75115156
2.34693885 4.00000000 0.88882446 -3.69918084
2.34693885 4.09999990 0.87857962 -3.64312339
2.55102038 0.10000000 1.00000000 -4.55102062
2.55102038 0.20000000 1.00000000 -4.55102062
2.55102038 0.30000001 1.00000000 -4.55102062
2.55102038 0.39999998 1.00000000 -4.55102062
2.55102038 0.50000000 1.00000000 -4.55102062
2.55102038 0.60000002 1.00000000 -4.55102062
2.55102038 0.69999993 0.99999988 -4.55101967
2.55102038 0.79999995 1.00000000 -4.55102062
2.55102038 0.89999998 0.99999905 -4.55101442
2.55102038 0.99999988 0.99999487 -4.55098724
2.55102038 1.10000002 0.99998730 -4.55093718
2.55102038 1.20000005 0.99996227 -4.55077362
2.55102038 1.29999995 0.99992275 -4.55051517
2.55102038 1.39999998 0.99982202 -4.54985523
2.55102038 1.49999988 0.99968320 -4.54894638
2.55102038 1.60000002 0.99943286 -4.54731274
2.55102038 1.70000005 0.99910635 -4.54518223
2.55102038 1.79999995 0.99858433 -4.54178762
2.55102038 1.89999986 0.99790686 -4.53738070
2.55102038 2.00000000 0.99705321 -4.53184891
2.55102038 2.09999990 0.99592531 -4.52453613
2.55102038 2.20000005 0.99453211 -4.51556110
2.55102038 2.29999995 0.99287277 -4.50490761
2.55102038 2.39999986 0.99086875 -4.49206352
2.55102038 2.49999976 0.98847008 -4.47677422
2.55102038 2.59999990 0.98579246 -4.45975876
2.55102038 2.70000005 0.98262465 -4.43970299
2.55102038 2.79999995 0.97927183 -4.41859531
2.55102038 2.89999986 0.97511631 -4.39262915
2.55102038 2.99999976 0.97087830 -4.36619902
2.55102038 3.09999990 0.96596754 -4.33595228
2.55102038 3.20000005 0.96067321 -4.30329943
2.55102038 3.29999995 0.95499563 -4.26862144
2.55102038 3.40000010 0.94893724 -4.23183870
2.55102038 3.50000000 0.94209802 -4.19057703
2.55102038 3.59999990 0.93505031 -4.14847088
2.55102038 3.69999957 0.92765945 -4.10467529
2.55102038 3.79999995 0.91987634 -4.05858374
2.55102038 3.90000010 0.91148609 -4.00955582
2.55102038 4.00000000 0.90278506 -3.95898867
2.55102038 4.09999990 0.89365149 -3.90657234
2.75510216 0.10000000 1.00000000 -4.75510216
2.75510216 0.20000000 1.00000000 -4.75510216
2.75510216 0.30000001 1.00000000 -4.75510216
2.75510216 0.39999998 1.00000000 -4.75510216
2.75510216 0.50000000 1.00000000 -4.75510216
2.75510216 0.60000002 1.00000000 -4.75510216
2.75510216 0.69999993 1.00000000 -4.75510216
2.75510216 0.79999995 0.99999988 -4.75510120
2.75510216 0.89999998 0.99999964 -4.75509977
2.75510216 0.99999988 0.99999684 -4.75508070
2.75510216 1.10000002 0.99999124 -4.75504303
2.75510216 1.20000005 0.99997389 -4.75492573
2.75510216 1.29999995 0.99993604 -4.75467014
2.75510216 1.39999998 0.99986988 -4.75422382
2.75510216 1.49999988 0.99974793 -4.75340080
2.75510216 1.60000002 0.99956763 -4.75218487
2.75510216 1.70000005 0.99926817 -4.75017118
2.75510216 1.79999995 0.99887097 -4.74750185
2.75510216 1.89999986 0.99835217 -4.74401188
2.75510216 2.00000000 0.99761790 -4.73909044
2.75510216 2.09999990 0.99665576 -4.73266029
2.75510216 2.20000005 0.99551612 -4.72506475
2.75510216 2.29999995 0.99409890 -4.71560478
2.75510216 2.39999986 0.99236733 -4.70414352
2.75510216 2.49999976 0.99037379 -4.69095993
2.75510216 2.59999990 0.98791236 -4.67476702
2.75510216 2.70000005 0.98531020 -4.65769339
2.75510216 2.79999995 0.98222935 -4.63754845
2.75510216 2.89999986 0.97878563 -4.61520863
2.75510216 2.99999976 0.97494715 -4.59038115
2.75510216 3.09999990 0.97066247 -4.56278181
2.75510216 3.20000005 0.96625352 -4.53462601
2.75510216 3.29999995 0.96104604 -4.50126314
2.75510216 3.40000010 0.95589268 -4.46878338
2.75510216 3.50000000 0.94968313 -4.42974424
2.75510216 3.59999990 0.94362682 -4.39179182
2.75510216 3.69999957 0.93699622 -4.35065937
2.75510216 3.79999995 0.92994922 -4.30705881
2.75510216 3.90000010 0.92237818 -4.26068926
2.75510216 4.00000000 0.91457409 -4.21314049
2.75510216 4.09999990 0.90650904 -4.16447973
2.95918369 0.10000000 1.00000000 -4.95918369
2.95918369 0.20000000 1.00000000 -4.95918369
2.95918369 0.30000001 1.00000000 -4.95918369
2.95918369 0.39999998 1.00000000 -4.95918369
2.95918369 0.50000000 1.00000000 -4.95918369
2.95918369 0.60000002 1.00000000 -4.95918369
2.95918369 0.69999993 1.00000000 -4.95918369
2.95918369 0.79999995 0.99999988 -4.95918274
2.95918369 0.89999998 0.99999988 -4.95918274
2.95918369 0.99999988 0.99999708 -4.95916319
2.95918369 1.10000002 0.99999243 -4.95913124
2.95918369 1.20000005 0.99998367 -4.95906973
2.95918369 1.29999995 0.99995583 -4.95887613
2.95918369 1.39999998 0.99989796 -4.95847321
2.95918369 1.49999988 0.99981028 -4.95786476
2.95918369 1.60000002 0.99965614 -4.95679426
2.95918369 1.70000005 0.99944860 -4.95535374
2.95918369 1.79999995 0.99910450 -4.95296574
2.95918369 1.89999986 0.99867386 -4.94998693
2.95918369 2.00000000 0.99807376 -4.94583750
2.95918369 2.09999990 0.99727625 -4.94032717
2.95918369 2.20000005 0.99634069 -4.93388224
2.95918369 2.29999995 0.99508816 -4.92528582
2.95918369 2.39999986 0.99365330 -4.91542387
2.95918369 2.49999976 0.99190259 -4.90346003
2.95918369 2.59999990 0.98989111 -4.88974762
2.95918369 2.70000005 0.98752379 -4.87366772
2.95918369 2.79999995 0.98491383 -4.85601759
2.95918369 2.89999986 0.98187697 -4.83558273
2.95918369 2.99999976 0.97849351 -4.81287956
2.95918369 3.09999990 0.97471559 -4.78757954
2.95918369 3.20000005 0.97082144 -4.76165056
2.95918369 3.29999995 0.96631384 -4.73192167
2.95918369 3.40000010 0.96144313 -4.69977283
2.95918369 3.50000000 0.95627993 -4.66592598
2.95918369 3.59999990 0.95066214 -4.62943316
2.95918369 3.69999957 0.94475293 -4.59102917
2.95918369 3.79999995 0.93856180 -4.55125713
2.95918369 3.90000010 0.93172753 -4.50748158
2.95918369 4.00000000 0.92472935 -4.46296120
2.95918369 4.09999990 0.91738218 -4.41656399
3.16326523 0.10000000 1.00000000 -5.16326523
3.16326523 0.20000000 1.00000000 -5.16326523
3.16326523 0.30000001 1.00000000 -5.16326523
3.16326523 0.39999998 1.00000000 -5.16326523
3.16326523 0.50000000 1.00000000 -5.16326523
3.16326523 0.60000002 1.00000000 -5.16326523
3.16326523 0.69999993 1.00000000 -5.16326523
3.16326523 0.79999995 1.00000000 -5.16326523
3.16326523 0.89999998 0.99999988 -5.16326427
3.16326523 0.99999988 0.99999839 -5.16325378
3.16326523 1.10000002 0.99999660 -5.16324091
3.16326523 1.20000005 0.99998963 -5.16319084
3.16326523 1.29999995 0.99996960 -5.16304731
3.16326523 1.39999998 0.99992955 -5.16276073
3.16326523 1.49999988 0.99985754 -5.16224527
3.16326523 1.60000002 0.99973828 -5.16139221
3.16326523 1.70000005 0.99955958 -5.16011477
3.16326523 1.79999995 0.99929261 -5.15820742
3.16326523 1.89999986 0.99892116 -5.15555620
3.16326523 2.00000000 0.99842101 -5.15199280
3.16326523 2.09999990 0.99775487 -5.14725304
3.16326523 2.20000005 0.99695945 -5.14159632
3.16326523 2.29999995 0.99589163 -5.13402319
3.16326523 2.39999986 0.99468786 -5.12549782
3.16326523 2.49999976 0.99318737 -5.11490870
3.16326523 2.59999990 0.99148083 -5.10290051
3.16326523 2.70000005 0.98937511 -5.08811998
3.16326523 2.79999995 0.98704749 -5.07183886
3.16326523 2.89999986 0.98449290 -5.05404282
3.16326523 2.99999976 0.98160303 -5.03395271
3.16326523 3.09999990 0.97818506 -5.01027298
3.16326523 3.20000005 0.97459304 -4.98551798
3.16326523 3.29999995 0.97072768 -4.95897388
3.16326523 3.40000010 0.96635044 -4.92911386
3.16326523 3.50000000 0.96173245 -4.89767742
3.16326523 3.59999990 0.95686573 -4.86468792
3.16326523 3.69999957 0.95143348 -4.82822037
3.16326523 3.79999995 0.94591844 -4.79128647
3.16326523 3.90000010 0.93984693 -4.75078917
3.16326523 4.00000000 0.93329674 -4.70745182
3.16326523 4.09999990 0.92686856 -4.66505051
3.36734700 0.10000000 1.00000000 -5.36734676
3.36734700 0.20000000 1.00000000 -5.36734676
3.36734700 0.30000001 1.00000000 -5.36734676
3.36734700 0.39999998 1.00000000 -5.36734676
3.36734700 0.50000000 1.00000000 -5.36734676
3.36734700 0.60000002 1.00000000 -5.36734676
3.36734700 0.69999993 0.99999988 -5.36734581
3.36734700 0.79999995 1.00000000 -5.36734676
3.36734700 0.89999998 0.99999988 -5.36734581
3.36734700 0.99999988 0.99999893 -5.36733866
3.36734700 1.10000002 0.99999732 -5.36732721
3.36734700 1.20000005 0.99999094 -5.36728001
3.36734700 1.29999995 0.99997669 -5.36717510
3.36734700 1.39999998 0.99994570 -5.36694670
3.36734700 1.49999988 0.99988943 -5.36653233
3.36734700 1.60000002 0.99979532 -5.36583900
3.36734700 1.70000005 0.99964941 -5.36476755
3.36734700 1.79999995 0.99943846 -5.36321592
3.36734700 1.89999986 0.99912405 -5.36090899
3.36734700 2.00000000 0.99872011 -5.35794353
3.36734700 2.09999990 0.99818504 -5.35401869
3.36734700 2.20000005 0.99748403 -5.34888506
3.36734700 2.29999995 0.99656337 -5.34215975
3.36734700 2.39999986 0.99551231 -5.33449030
3.36734700 2.49999976 0.99427736 -5.32549715
3.36734700 2.59999990 0.99271840 -5.31420469
3.36734700 2.70000005 0.99095529 -5.30139685
3.36734700 2.79999995 0.98896766 -5.28707075
3.36734700 2.89999986 0.98668849 -5.27065182
3.36734700 2.99999976 0.98410302 -5.25203609
3.36734700 3.09999990 0.98113430 -5.23079967
3.36734700 3.20000005 0.97806871 -5.20896387
3.36734700 3.29999995 0.97453123 -5.18384838
3.36734700 3.40000010 0.97062731 -5.15625477
3.36734700 3.50000000 0.96668679 -5.12852049
3.36734700 3.59999990 0.96209204 -5.09619617
3.36734700 3.69999957 0.95716798 -5.06172895
3.36734700 3.79999995 0.95211548 -5.02670002
3.36734700 3.90000010 0.94702512 -4.99149132
3.36734700 4.00000000 0.94086754 -4.94914389
3.36734700 4.09999990 0.93501854 -4.90909290
3.57142854 0.10000000 1.00000000 -5.57142830
3.57142854 0.20000000 1.00000000 -5.57142830
3.57142854 0.30000001 1.00000000 -5.57142830
3.57142854 0.39999998 1.00000000 -5.57142830
3.57142854 0.50000000 1.00000000 -5.57142830
3.57142854 0.60000002 1.00000000 -5.57142830
3.57142854 0.69999993 1.00000000 -5.57142830
3.57142854 0.79999995 1.00000000 -5.57142830
3.57142854 0.89999998 0.99999976 -5.57142639
3.57142854 0.99999988 0.99999964 -5.57142544
3.57142854 1.10000002 0.99999803 -5.57141352
3.57142854 1.20000005 0.99999315 -5.57137632
3.57142854 1.29999995 0.99998301 -5.57130003
3.57142854 1.39999998 0.99996054 -5.57112980
3.57142854 1.49999988 0.99991578 -5.57079077
3.57142854 1.60000002 0.99983847 -5.57020664
3.57142854 1.70000005 0.99972641 -5.56935883
3.57142854 1.79999995 0.99956542 -5.56814098
3.57142854 1.89999986 0.99930173 -5.56615162
3.57142854 2.00000000 0.99896312 -5.56359625
3.57142854 2.09999990 0.99850988 -5.56017256
3.57142854 2.20000005 0.99787426 -5.55539227
3.57142854 2.29999995 0.99717492 -5.55014610
3.57142854 2.39999986 0.99628395 -5.54343224
3.57142854 2.49999976 0.99517590 -5.53515148
3.57142854 2.59999990 0.99383938 -5.52513790
3.57142854 2.70000005 0.99232823 -5.51385927
3.57142854 2.79999995 0.99055630 -5.50066471
3.57142854 2.89999986 0.98857266 -5.48588324
3.57142854 2.99999976 0.98627383 -5.46888494
3.57142854 3.09999990 0.98370314 -5.44989204
3.57142854 3.20000005 0.98086536 -5.42898655
3.57142854 3.29999995 0.97781008 -5.40658474
3.57142854 3.40000010 0.97440916 -5.38172436
3.57142854 3.50000000 0.97063661 -5.35423708
3.57142854 3.59999990 0.96659178 -5.32489061
3.57142854 3.69999957 0.96227747 -5.29359388
3.57142854 3.79999995 0.95771384 -5.26079035
3.57142854 3.90000010 0.95269310 -5.22483540
3.57142854 4.00000000 0.94747889 -5.18765831
3.57142854 4.09999990 0.94214696 -5.14970398
3.77551031 0.10000000 1.00000000 -5.77551031
3.77551031 0.20000000 1.00000000 -5.77551031
3.77551031 0.30000001 1.00000000 -5.77551031
3.77551031 0.39999998 1.00000000 -5.77551031
3.77551031 0.50000000 1.00000000 -5.77551031
3.77551031 0.60000002 1.00000000 -5.77551031
3.77551031 0.69999993 1.00000000 -5.77551031
3.77551031 0.79999995 1.00000000 -5.77551031
3.77551031 0.89999998 0.99999952 -5.77550650
3.77551031 0.99999988 0.99999976 -5.77550840
3.77551031 1.10000002 0.99999803 -5.77549505
3.77551031 1.20000005 0.99999499 -5.77547121
3.77551031 1.29999995 0.99998707 -5.77540970
3.77551031 1.39999998 0.99997008 -5.77527761
3.77551031 1.49999988 0.99993628 -5.77501488
3.77551031 1.60000002 0.99988061 -5.77458191
3.77551031 1.70000005 0.99978441 -5.77383471
3.77551031 1.79999995 0.99963808 -5.77269840
3.77551031 1.89999986 0.99943238 -5.77110100
3.77551031 2.00000000 0.99916953 -5.76906443
3.77551031 2.09999990 0.99874794 -5.76579428
3.77551031 2.20000005 0.99828297 -5.76219988
3.77551031 2.29999995 0.99763381 -5.75717735
3.77551031 2.39999986 0.99685645 -5.75117016
3.77551031 2.49999976 0.99588966 -5.74372244
3.77551031 2.59999990 0.99476403 -5.73505163
3.77551031 2.70000005 0.99346459 -5.72504950
3.77551031 2.79999995 0.99190307 -5.71307850
3.77551031 2.89999986 0.99010020 -5.69929361
3.77551031 2.99999976 0.98808217 -5.68390369
3.77551031 3.09999990 0.98583227 -5.66678476
3.77551031 3.20000005 0.98343337 -5.64852571
3.77551031 3.29999995 0.98049974 -5.62633944
3.77551031 3.40000010 0.97747386 -5.60352182
3.77551031 3.50000000 0.97414857 -5.57850695
3.77551031 3.59999990 0.97052151 -5.55132675
3.77551031 3.69999957 0.96660501 -5.52198219
3.77551031 3.79999995 0.96252221 -5.49165773
3.77551031 3.90000010 0.95809329 -5.45894003
3.77551031 4.00000000 0.95340711 -5.42417431
3.77551031 4.09999990 0.94844252 -5.38763857
3.97959185 0.10000000 1.00000000 -5.97959185
3.97959185 0.20000000 1.00000000 -5.97959185
3.97959185 0.30000001 1.00000000 -5.97959185
3.97959185 0.39999998 1.00000000 -5.97959185
3.97959185 0.50000000 1.00000000 -5.97959185
3.97959185 0.60000002 1.00000000 -5.97959185
3.97959185 0.69999993 1.00000000 -5.97959185
3.97959185 0.79999995 1.00000000 -5.97959185
3.97959185 0.89999998 1.00000000 -5.97959185
3.97959185 0.99999988 0.99999976 -5.97958994
3.97959185 1.10000002 0.99999940 -5.97958708
3.97959185 1.20000005 0.99999732 -5.97957039
3.97959185 1.29999995 0.99998879 -5.97950220
3.97959185 1.39999998 0.99997658 -5.97940493
3.97959185 1.49999988 0.99995095 -5.97920036
3.97959185 1.60000002 0.99991602 -5.97892189
3.97959185 1.70000005 0.99983335 -5.97826242
3.97959185 1.79999995 0.99971998 -5.97735929
3.97959185 1.89999986 0.99955004 -5.97600508
3.97959185 2.00000000 0.99930263 -5.97403526
3.97959185 2.09999990 0.99898887 -5.97153425
3.97959185 2.20000005 0.99858725 -5.96834278
3.97959185 2.29999995 0.99803281 -5.96394014
3.97959185 2.39999986 0.99736172 -5.95861912
3.97959185 2.49999976 0.99650949 -5.95186234
3.97959185 2.59999990 0.99552906 -5.94410133
3.97959185 2.70000005 0.99438304 -5.93504953
3.97959185 2.79999995 0.99305004 -5.92451859
3.97959185 2.89999986 0.99153942 -5.91262579
3.97959185 2.99999976 0.98965257 -5.89782143
3.97959185 3.09999990 0.98767930 -5.88234329
3.97959185 3.20000005 0.98549169 -5.86523390
3.97959185 3.29999995 0.98292542 -5.84525156
3.97959185 3.40000010 0.98019493 -5.82397890
3.97959185 3.50000000 0.97728223 -5.80136633
3.97959185 3.59999990 0.97391957 -5.77543926
3.97959185 3.69999957 0.97060508 -5.74985743
3.97959185 3.79999995 0.96670020 -5.71984434
3.97959185 3.90000010 0.96286851 -5.69053364
3.97959185 4.00000000 0.95851499 -5.65737677
3.97959185 4.09999990 0.95393991 -5.62264490
4.18367338 0.10000000 1.00000000 -6.18367338
4.18367338 0.20000000 1.00000000 -6.18367338
4.18367338 0.30000001 1.00000000 -6.18367338
4.18367338 0.39999998 1.00000000 -6.18367338
4.18367338 0.50000000 1.00000000 -6.18367338
4.18367338 0.60000002 1.00000000 -6.18367338
4.18367338 0.69999993 1.00000000 -6.18367338
4.18367338 0.79999995 1.00000000 -6.18367338
4.18367338 0.89999998 1.00000000 -6.18367338
4.18367338 0.99999988 1.00000000 -6.18367338
4.18367338 1.10000002 0.99999964 -6.18367052
4.18367338 1.20000005 0.99999732 -6.18365145
4.18367338 1.29999995 0.99999291 -6.18361521
4.18367338 1.39999998 0.99998355 -6.18353844
4.18367338 1.49999988 0.99995959 -6.18334293
4.18367338 1.60000002 0.99992698 -6.18307590
4.18367338 1.70000005 0.99986732 -6.18258810
4.18367338 1.79999995 0.99977648 -6.18184519
4.18367338 1.89999986 0.99964112 -6.18073797
4.18367338 2.00000000 0.99943227 -6.17903185
4.18367338 2.09999990 0.99919116 -6.17706394
4.18367338 2.20000005 0.99878198 -6.17372513
4.18367338 2.29999995 0.99834621 -6.17017031
4.18367338 2.39999986 0.99778444 -6.16559458
4.18367338 2.49999976 0.99711144 -6.16011524
4.18367338 2.59999990 0.99624097 -6.15303278
4.18367338 2.70000005 0.99520290 -6.14461184
4.18367338 2.79999995 0.99406582 -6.13540316
4.18367338 2.89999986 0.99264562 -6.12390566
4.18367338 2.99999976 0.99106616 -6.11114788
4.18367338 3.09999990 0.98930639 -6.09693384
4.18367338 3.20000005 0.98729837 -6.08081055
4.18367338 3.29999995 0.98517138 -6.06374168
4.18367338 3.40000010 0.98271215 -6.04409552
4.18367338 3.50000000 0.97992772 -6.02183914
4.18367338 3.59999990 0.97706640 -5.99902010
4.18367338 3.69999957 0.97386718 -5.97370720
4.18367338 3.79999995 0.97051597 -5.94717407
4.18367338 3.90000010 0.96692860 -5.91885662
4.18367338 4.00000000 0.96301305 -5.88797855
4.18367338 4.09999990 0.95879287 -5.85498524
4.38775492 0.10000000 1.00000000 -6.38775492
4.38775492 0.20000000 1.00000000 -6.38775492
4.38775492 0.30000001 1.00000000 -6.38775492
4.38775492 0.39999998 1.00000000 -6.38775492
4.38775492 0.50000000 1.00000000 -6.38775492
4.38775492 0.60000002 1.00000000 -6.38775492
4.38775492 0.69999993 1.00000000 -6.38775492
4.38775492 0.79999995 1.00000000 -6.38775492
4.38775492 0.89999998 0.99999988 -6.38775396
4.38775492 0.99999988 1.00000000 -6.38775492
4.38775492 1.10000002 0.99999905 -6.38774681
4.38775492 1.20000005 0.99999851 -6.38774252
4.38775492 1.29999995 0.99999428 -6.38770676
4.38775492 1.39999998 0.99999011 -6.38767195
4.38775492 1.49999988 0.99997216 -6.38752127
4.38775492 1.60000002 0.99994016 -6.38725328
4.38775492 1.70000005 0.99990261 -6.38693762
4.38775492 1.79999995 0.99981898 -6.38623762
4.38775492 1.89999986 0.99971461 -6.38536167
4.38775492 2.00000000 0.99953562 -6.38386297
4.38775492 2.09999990 0.99931848 -6.38204288
4.38775492 2.20000005 0.99899781 -6.37936068
4.38775492 2.29999995 0.99864280 -6.37639141
4.38775492 2.39999986 0.99810535 -6.37189722
4.38775492 2.49999976 0.99750698 -6.36690855
4.38775492 2.59999990 0.99677622 -6.36080551
4.38775492 2.70000005 0.99585366 -6.35312366
4.38775492 2.79999995 0.99482399 -6.34456062
4.38775492 2.89999986 0.99365491 -6.33484650
4.38775492 2.99999976 0.99221349 -6.32288361
4.38775492 3.09999990 0.99071950 -6.31053591
4.38775492 3.20000005 0.98881322 -6.29474306
4.38775492 3.29999995 0.98692673 -6.27920437
4.38775492 3.40000010 0.98470396 -6.26093054
4.38775492 3.50000000 0.98221231 -6.24045467
4.38775492 3.59999990 0.97972375 -6.22008181
4.38775492 3.69999957 0.97683543 -6.19646358
4.38775492 3.79999995 0.97376955 -6.17152119
4.38775492 3.90000010 0.97054541 -6.14528704
4.38775492 4.00000000 0.96704322 -6.11690903
4.38775492 4.09999990 0.96302843 -6.08450603
4.59183693 0.10000000 1.00000000 -6.59183693
4.59183693 0.20000000 1.00000000 -6.59183693
4.59183693 0.30000001 1.00000000 -6.59183693
4.59183693 0.39999998 1.00000000 -6.59183693
4.59183693 0.50000000 1.00000000 -6.59183693
4.59183693 0.60000002 1.00000000 -6.59183693
4.59183693 0.69999993 1.00000000 -6.59183693
4.59183693 0.79999995 1.00000000 -6.59183693
4.59183693 0.89999998 1.00000000 -6.59183693
4.59183693 0.99999988 1.00000000 -6.59183693
4.59183693 1.10000002 1.00000000 -6.59183693
4.59183693 1.20000005 0.99999851 -6.59182453
4.59183693 1.29999995 0.99999607 -6.59180355
4.59183693 1.39999998 0.99999022 -6.59175301
4.59183693 1.49999988 0.99997890 -6.59165525
4.59183693 1.60000002 0.99996072 -6.59149933
4.59183693 1.70000005 0.99991965 -6.59114695
4.59183693 1.79999995 0.99986207 -6.59065199
4.59183693 1.89999986 0.99976575 -6.58982420
4.59183693 2.00000000 0.99962437 -6.58861351
4.59183693 2.09999990 0.99943638 -6.58699989
4.59183693 2.20000005 0.99916101 -6.58463430
4.59183693 2.29999995 0.99883580 -6.58184958
4.59183693 2.39999986 0.99842334 -6.57831383
4.59183693 2.49999976 0.99788320 -6.57369232
4.59183693 2.59999990 0.99727917 -6.56852579
4.59183693 2.70000005 0.99648911 -6.56177711
4.59183693 2.79999995 0.99553502 -6.55364180
4.59183693 2.89999986 0.99449807 -6.54479790
4.59183693 2.99999976 0.99327493 -6.53441381
4.59183693 3.09999990 0.99187082 -6.52246284
4.59183693 3.20000005 0.99029613 -6.50909901
4.59183693 3.29999995 0.98858058 -6.49456406
4.59183693 3.40000010 0.98655224 -6.47742558
4.59183693 3.50000000 0.98440784 -6.45933104
4.59183693 3.59999990 0.98205483 -6.43960428
4.59183693 3.69999957 0.97939014 -6.41716480
4.59183693 3.79999995 0.97666639 -6.39436102
4.59183693 3.90000010 0.97361547 -6.36888933
4.59183693 4.00000000 0.97037941 -6.34189510
4.59183693 4.09999990 0.96683288 -6.31237030
4.79591846 0.10000000 1.00000000 -6.79591846
4.79591846 0.20000000 1.00000000 -6.79591846
4.79591846 0.30000001 1.00000000 -6.79591846
4.79591846 0.39999998 1.00000000 -6.79591846
4.79591846 0.50000000 1.00000000 -6.79591846
4.79591846 0.60000002 1.00000000 -6.79591846
4.79591846 0.69999993 1.00000000 -6.79591846
4.79591846 0.79999995 1.00000000 -6.79591846
4.79591846 0.89999998 1.00000000 -6.79591846
4.79591846 0.99999988 1.00000000 -6.79591846
4.79591846 1.10000002 0.99999940 -6.79591322
4.79591846 1.20000005 0.99999952 -6.79591417
4.79591846 1.29999995 0.99999815 -6.79590225
4.79591846 1.39999998 0.99999338 -6.79586029
4.79591846 1.49999988 0.99998403 -6.79577780
4.79591846 1.60000002 0.99996799 -6.79563713
4.79591846 1.70000005 0.99993348 -6.79533339
4.79591846 1.79999995 0.99988425 -6.79490042
4.79591846 1.89999986 0.99980503 -6.79420471
4.79591846 2.00000000 0.99968350 -6.79313517
4.79591846 2.09999990 0.99953443 -6.79182720
4.79591846 2.20000005 0.99932617 -6.78999615
4.79591846 2.29999995 0.99902993 -6.78739452
4.79591846 2.39999986 0.99865603 -6.78411531
4.79591846 2.49999976 0.99823940 -6.78046608
4.79591846 2.59999990 0.99766678 -6.77545118
4.79591846 2.70000005 0.99696583 -6.76931143
4.79591846 2.79999995 0.99616212 -6.76229191
4.79591846 2.89999986 0.99521935 -6.75405693
4.79591846 2.99999976 0.99415529 -6.74478292
4.79591846 3.09999990 0.99290293 -6.73384476
4.79591846 3.20000005 0.99152684 -6.72188139
4.79591846 3.29999995 0.98991489 -6.70789909
4.79591846 3.40000010 0.98818994 -6.69294119
4.79591846 3.50000000 0.98617983 -6.67549515
4.79591846 3.59999990 0.98400474 -6.65670013
4.79591846 3.69999957 0.98169190 -6.63679123
4.79591846 3.79999995 0.97920227 -6.61539268
4.79591846 3.90000010 0.97649097 -6.59213305
4.79591846 4.00000000 0.97346902 -6.56622887
4.79591846 4.09999990 0.97035009 -6.53956699
5.00000000 0.10000000 1.00000000 -7.00000000
5.00000000 0.20000000 1.00000000 -7.00000000
5.00000000 0.30000001 1.00000000 -7.00000000
5.00000000 0.39999998 1.00000000 -7.00000000
5.00000000 0.50000000 1.00000000 -7.00000000
5.00000000 0.60000002 1.00000000 -7.00000000
5.00000000 0.69999993 1.00000000 -7.00000000
5.00000000 0.79999995 1.00000000 -7.00000000
5.00000000 0.89999998 1.00000000 -7.00000000
5.00000000 0.99999988 1.00000000 -7.00000000
5.00000000 1.10000002 0.99999988 -6.99999905
5.00000000 1.20000005 0.99999952 -6.99999571
5.00000000 1.29999995 0.99999815 -6.99998331
5.00000000 1.39999998 0.99999523 -6.99995708
5.00000000 1.49999988 0.99998754 -6.99988794
5.00000000 1.60000002 0.99997532 -6.99977827
5.00000000 1.70000005 0.99995118 -6.99956083
5.00000000 1.79999995 0.99990451 -6.99914122
5.00000000 1.89999986 0.99984461 -6.99860191
5.00000000 2.00000000 0.99974853 -6.99773741
5.00000000 2.09999990 0.99962074 -6.99658966
5.00000000 2.20000005 0.99943423 -6.99491167
5.00000000 2.29999995 0.99918407 -6.99266386
5.00000000 2.39999986 0.99888426 -6.98997498
5.00000000 2.49999976 0.99848914 -6.98642635
5.00000000 2.59999990 0.99798769 -6.98192596
5.00000000 2.70000005 0.99742311 -6.97686291
5.00000000 2.79999995 0.99672008 -6.97057676
5.00000000 2.89999986 0.99588329 -6.96308088
5.00000000 2.99999976 0.99490893 -6.95437431
5.00000000 3.09999990 0.99382168 -6.94465494
5.00000000 3.20000005 0.99254358 -6.93328428
5.00000000 3.29999995 0.99114209 -6.92079163
5.00000000 3.40000010 0.98949599 -6.90616703
5.00000000 3.50000000 0.98774195 -6.89058352
5.00000000 3.59999990 0.98590100 -6.87429142
5.00000000 3.69999957 0.98366857 -6.85452461
5.00000000 3.79999995 0.98129678 -6.83359575
5.00000000 3.90000010 0.97891247 -6.81264257
5.00000000 4.00000000 0.97612220 -6.78809214
5.00000000 4.09999990 0.97333533 -6.76362753
