-0.50000000 1.50000000 -0.99427927 -2.47516012
-0.49000001 1.50000000 -0.99417669 -2.46478677
-0.47999999 1.50000000 -0.99410135 -2.45453978
-0.47000000 1.50000000 -0.99400175 -2.44418621
-0.46000001 1.50000000 -0.99391145 -2.43386483
-0.44999999 1.50000000 -0.99382031 -2.42355919
-0.44000000 1.50000000 -0.99369621 -2.41310859
-0.43000001 1.50000000 -0.99357808 -2.40268612
-0.41999999 1.50000000 -0.99351025 -2.39247012
-0.41000000 1.50000000 -0.99340677 -2.38212276
-0.40000001 1.50000000 -0.99330711 -2.37177587
-0.38999999 1.50000000 -0.99316871 -2.36130667
-0.38000000 1.50000000 -0.99307317 -2.35098433
-0.37000000 1.50000000 -0.99296796 -2.34063554
-0.36000001 1.50000000 -0.99288619 -2.33035564
-0.34999999 1.50000000 -0.99271351 -2.31976652
-0.34000000 1.50000000 -0.99263728 -2.30953264
-0.33000001 1.50000000 -0.99249744 -2.29905081
-0.31999999 1.50000000 -0.99236220 -2.28860784
-0.31000000 1.50000000 -0.99224985 -2.27824616
-0.30000001 1.50000000 -0.99213332 -2.26788092
-0.28999999 1.50000000 -0.99197990 -2.25734997
-0.28000000 1.50000000 -0.99183136 -2.24686718
-0.27000001 1.50000000 -0.99169344 -2.23641682
-0.25999999 1.50000000 -0.99155587 -2.22598338
-0.25000000 1.50000000 -0.99138737 -2.21541953
-0.23999999 1.50000000 -0.99130893 -2.20523691
-0.23000000 1.50000000 -0.99110568 -2.19455409
-0.22000000 1.50000000 -0.99098784 -2.18419671
-0.20999999 1.50000000 -0.99084938 -2.17378545
-0.20000000 1.50000000 -0.99065250 -2.16315341
-0.19000000 1.50000000 -0.99046916 -2.15256453
-0.18000001 1.50000000 -0.99035347 -2.14223909
-0.17000000 1.50000000 -0.99018067 -2.13172007
-0.16000000 1.50000000 -0.98999918 -2.12116790
-0.15000001 1.50000000 -0.98980993 -2.11057639
-0.14000000 1.50000000 -0.98960471 -2.09997058
-0.13000000 1.50000000 -0.98943025 -2.08942485
-0.12000000 1.50000000 -0.98925745 -2.07894683
-0.11000000 1.50000000 -0.98903412 -2.06826782
-0.10000000 1.50000000 -0.98887295 -2.05781865
-0.09000000 1.50000000 -0.98868877 -2.04730844
-0.08000000 1.50000000 -0.98840541 -2.03643084
-0.07000000 1.50000000 -0.98824233 -2.02596116
-0.06000000 1.50000000 -0.98795652 -2.01513553
-0.05000000 1.50000000 -0.98773277 -2.00450301
-0.04000000 1.50000000 -0.98753828 -1.99400413
-0.03000000 1.50000000 -0.98726892 -1.98319638
-0.02000000 1.50000000 -0.98704433 -1.97262454
-0.01000000 1.50000000 -0.98674065 -1.96175182
0.00000000 1.50000000 -0.98647189 -1.95103359
0.01000000 1.50000000 -0.98618370 -1.94030261
0.02000000 1.50000000 -0.98590130 -1.92953229
0.03000000 1.50000000 -0.98568153 -1.91892886
0.04000000 1.50000000 -0.98535353 -1.90807319
0.05000000 1.50000000 -0.98503685 -1.89725661
0.06000000 1.50000000 -0.98465925 -1.88628125
0.07000000 1.50000000 -0.98435956 -1.87555575
0.08000000 1.50000000 -0.98400128 -1.86460829
0.09000000 1.50000000 -0.98360080 -1.85365605
0.10000000 1.50000000 -0.98320061 -1.84266162
0.11000000 1.50000000 -0.98282677 -1.83183086
0.12000000 1.50000000 -0.98242617 -1.82089496
0.13000000 1.50000000 -0.98201597 -1.80986178
0.14000000 1.50000000 0.53368157 -2.02304220
0.15000001 1.50000000 0.98982555 -2.11063886
0.16000000 1.50000000 0.98998719 -2.12109709
0.17000000 1.50000000 0.99017370 -2.13166261
0.18000001 1.50000000 0.99028552 -2.14202142
0.19000000 1.50000000 0.99050498 -2.15268564
0.20000000 1.50000000 0.99066871 -2.16319609
0.20999999 1.50000000 0.99082994 -2.17372203
0.22000000 1.50000000 0.99099433 -2.18424249
0.23000000 1.50000000 0.99110341 -2.19454718
0.23999999 1.50000000 0.99129766 -2.20517135
0.25000000 1.50000000 0.99142891 -2.21561933
0.25999999 1.50000000 0.99157357 -2.22606564
0.27000001 1.50000000 0.99175298 -2.23666191
0.28000000 1.50000000 0.99187970 -2.24705935
0.28999999 1.50000000 0.99199712 -2.25744033
0.30000001 1.50000000 0.99209845 -2.26775670
0.31000000 1.50000000 0.99223238 -2.27818274
0.31999999 1.50000000 0.99236596 -2.28862357
0.33000001 1.50000000 0.99250990 -2.29912329
0.34000000 1.50000000 0.99262547 -2.30947733
0.34999999 1.50000000 0.99275547 -2.31991458
0.36000001 1.50000000 0.99286920 -2.33031082
0.37000000 1.50000000 0.99299407 -2.34073257
0.38000000 1.50000000 0.99307984 -2.35100675
0.38999999 1.50000000 0.99319053 -2.36138797
0.40000001 1.50000000 0.99330109 -2.37175536
0.41000000 1.50000000 0.99341547 -2.38215423
0.41999999 1.50000000 0.99348885 -2.39239168
0.43000001 1.50000000 0.99361736 -2.40285587
0.44000000 1.50000000 0.99369961 -2.41311955
0.44999999 1.50000000 0.99381584 -2.42353868
0.46000001 1.50000000 0.99389970 -2.43381810
0.47000000 1.50000000 0.99400121 -2.44417310
0.47999999 1.50000000 0.99407983 -2.45445347
0.49000001 1.50000000 0.99417388 -2.46477461
0.50000000 1.50000000 0.99426568 -2.47511363
0.49000001 1.50000000 0.99418229 -2.46482229
0.47999999 1.50000000 0.99409562 -2.45452976
0.47000000 1.50000000 0.99400860 -2.44421768
0.46000001 1.50000000 0.99388069 -2.43373823
0.44999999 1.50000000 0.99381584 -2.42352509
0.44000000 1.50000000 0.99368405 -2.41305685
0.43000001 1.50000000 0.99359465 -2.40276623
0.41999999 1.50000000 0.99348199 -2.39237309
0.41000000 1.50000000 0.99342996 -2.38220930
0.40000001 1.50000000 0.99332011 -2.37184572
0.38999999 1.50000000 0.99319917 -2.36141992
0.38000000 1.50000000 0.99309301 -2.35105968
0.37000000 1.50000000 0.99293703 -2.34052014
0.36000001 1.50000000 0.99284077 -2.33020282
0.34999999 1.50000000 0.99272215 -2.31979442
0.34000000 1.50000000 0.99264795 -2.30956483
0.33000001 1.50000000 0.99247825 -2.29897594
0.31999999 1.50000000 0.99237436 -2.28864193
0.31000000 1.50000000 0.99225926 -2.27827764
0.30000001 1.50000000 0.99208343 -2.26767445
0.28999999 1.50000000 0.99197388 -2.25734067
0.28000000 1.50000000 0.99186510 -2.24700904
0.27000001 1.50000000 0.99170923 -2.23648858
0.25999999 1.50000000 0.99156117 -2.22597861
0.25000000 1.50000000 0.99141556 -2.21553731
0.23999999 1.50000000 0.99128288 -2.20513654
0.23000000 1.50000000 0.99114579 -2.19471931
0.22000000 1.50000000 0.99100763 -2.18427539
0.20999999 1.50000000 0.99081784 -2.17365956
0.20000000 1.50000000 0.99069142 -2.16328454
0.19000000 1.50000000 0.99046755 -2.15257740
0.18000001 1.50000000 0.99035758 -2.14223313
0.17000000 1.50000000 0.99017316 -2.13167143
0.16000000 1.50000000 0.99000919 -2.12119222
0.15000001 1.50000000 0.98982614 -2.11066890
0.14000000 1.50000000 0.98961896 -2.10000920
0.13000000 1.50000000 0.98941731 -2.08940983
0.12000000 1.50000000 0.98924387 -2.07887268
0.11000000 1.50000000 0.98906767 -2.06835151
0.10000000 1.50000000 0.98884463 -2.05768132
0.09000000 1.50000000 0.98864341 -2.04712582
0.08000000 1.50000000 0.98846430 -2.03660107
0.07000000 1.50000000 0.98819542 -2.02582693
0.06000000 1.50000000 0.98798686 -2.01524282
0.05000000 1.50000000 0.98774868 -2.00453901
0.04000000 1.50000000 0.98758215 -1.99414182
0.03000000 1.50000000 0.98729759 -1.98332465
0.02000000 1.50000000 0.98701531 -1.97253084
0.01000000 1.50000000 0.98673481 -1.96177351
0.00000000 1.50000000 0.98647970 -1.95104396
-0.01000000 1.50000000 0.98621446 -1.94032526
-0.02000000 1.50000000 0.98597562 -1.92971802
-0.03000000 1.50000000 0.98562682 -1.91877460
-0.04000000 1.50000000 0.98539150 -1.90817904
-0.05000000 1.50000000 0.98498076 -1.89706230
-0.06000000 1.50000000 0.98468590 -1.88632691
-0.07000000 1.50000000 0.98438942 -1.87560678
-0.08000000 1.50000000 0.98398024 -1.86458731
-0.09000000 1.50000000 0.98362172 -1.85391057
-0.10000000 1.50000000 0.98325104 -1.84278905
-0.11000000 1.50000000 0.44960871 -1.88727903
-0.12000000 1.50000000 -0.98924863 -2.07890391
-0.13000000 1.50000000 -0.98949271 -2.08965039
-0.14000000 1.50000000 -0.98959798 -2.09993219
-0.15000001 1.50000000 -0.98978072 -2.11049294
-0.16000000 1.50000000 -0.98996955 -2.12103319
-0.17000000 1.50000000 -0.99017060 -2.13169122
-0.18000001 1.50000000 -0.99037969 -2.14235592
-0.19000000 1.50000000 -0.99049729 -2.15268183
-0.20000000 1.50000000 -0.99064845 -2.16312599
-0.20999999 1.50000000 -0.99083441 -2.17373395
-0.22000000 1.50000000 -0.99099106 -2.18420959
-0.23000000 1.50000000 -0.99117088 -2.19480419
-0.23999999 1.50000000 -0.99126422 -2.20505786
-0.25000000 1.50000000 -0.99142176 -2.21557736
-0.25999999 1.50000000 -0.99159628 -2.22613621
-0.27000001 1.50000000 -0.99171412 -2.23649573
-0.28000000 1.50000000 -0.99183238 -2.24689817
-0.28999999 1.50000000 -0.99198043 -2.25736642
-0.30000001 1.50000000 -0.99211609 -2.26780868
-0.31000000 1.50000000 -0.99221599 -2.27811313
-0.31999999 1.50000000 -0.99238867 -2.28869867
-0.33000001 1.50000000 -0.99246895 -2.29896021
-0.34000000 1.50000000 -0.99260181 -2.30941892
-0.34999999 1.50000000 -0.99274486 -2.31989026
-0.36000001 1.50000000 -0.99286038 -2.33027673
-0.37000000 1.50000000 -0.99295735 -2.34059238
-0.38000000 1.50000000 -0.99309069 -2.35104728
-0.38999999 1.50000000 -0.99318033 -2.36134839
-0.40000001 1.50000000 -0.99329907 -2.37174392
-0.41000000 1.50000000 -0.99339432 -2.38207078
-0.41999999 1.50000000 -0.99351847 -2.39252830
-0.43000001 1.50000000 -0.99363697 -2.40293097
-0.44000000 1.50000000 -0.99371117 -2.41316009
-0.44999999 1.50000000 -0.99381834 -2.42354751
-0.46000001 1.50000000 -0.99391663 -2.43388319
-0.47000000 1.50000000 -0.99402446 -2.44427299
-0.47999999 1.50000000 -0.99412978 -2.45465660
-0.49000001 1.50000000 -0.99418199 -2.46482038
-0.50000000 1.50000000 -0.99427819 -2.47517347
