-0.50000000 2.50000000 -0.90041500 -2.13086867
-0.49000001 2.50000000 -0.89882720 -2.11721826
-0.47999999 2.50000000 -0.89720005 -2.10332561
-0.47000000 2.50000000 -0.89544076 -2.08922052
-0.46000001 2.50000000 -0.89368027 -2.07524157
-0.44999999 2.50000000 -0.89173955 -2.06062627
-0.44000000 2.50000000 -0.88984329 -2.04609561
-0.43000001 2.50000000 -0.88777870 -2.03144240
-0.41999999 2.50000000 -0.88590544 -2.01738834
-0.41000000 2.50000000 -0.88400114 -2.00321698
-0.40000001 2.50000000 -0.88151371 -1.98762965
-0.38999999 2.50000000 -0.87931877 -1.97280955
-0.38000000 2.50000000 -0.87713432 -1.95823956
-0.37000000 2.50000000 -0.87491035 -1.94367778
-0.36000001 2.50000000 -0.87251741 -1.92875493
-0.34999999 2.50000000 -0.86949044 -1.91217351
-0.34000000 2.50000000 -0.86707956 -1.89737248
-0.33000001 2.50000000 -0.86464256 -1.88260925
-0.31999999 2.50000000 -0.86147696 -1.86620235
-0.31000000 2.50000000 -0.85839158 -1.85013437
-0.30000001 2.50000000 -0.85526568 -1.83410382
-0.28999999 2.50000000 -0.85214859 -1.81844676
-0.28000000 2.50000000 -0.84849554 -1.80175805
-0.27000001 2.50000000 -0.84532440 -1.78578579
-0.25999999 2.50000000 -0.84086394 -1.76770866
-0.25000000 2.50000000 -0.83692962 -1.75067747
-0.23999999 2.50000000 -0.83275574 -1.73361444
-0.23000000 2.50000000 -0.82850331 -1.71657741
-0.22000000 2.50000000 -0.82374710 -1.69862163
-0.20999999 2.50000000 -0.81866497 -1.68050802
-0.20000000 2.50000000 -0.81339484 -1.66219211
-0.19000000 2.50000000 -0.80732626 -1.64293873
-0.18000001 2.50000000 -0.80117232 -1.62334144
-0.17000000 2.50000000 -0.79414415 -1.60354292
-0.16000000 2.50000000 -0.78750890 -1.58432484
-0.15000001 2.50000000 -0.77939767 -1.56312323
-0.14000000 2.50000000 -0.77028328 -1.54108727
-0.13000000 2.50000000 -0.76021916 -1.51855981
-0.12000000 2.50000000 -0.75006181 -1.49631703
-0.11000000 2.50000000 -0.73784131 -1.47235668
-0.10000000 2.50000000 -0.72492027 -1.44875205
-0.09000000 2.50000000 -0.70917439 -1.42230725
-0.08000000 2.50000000 -0.68939751 -1.39381957
-0.07000000 2.50000000 -0.66832477 -1.36569250
-0.06000000 2.50000000 -0.64185584 -1.33429587
-0.05000000 2.50000000 -0.60860735 -1.30097401
-0.04000000 2.50000000 -0.56017023 -1.26063216
-0.03000000 2.50000000 -0.49617201 -1.22011340
-0.02000000 2.50000000 -0.39003372 -1.17083907
-0.01000000 2.50000000 -0.23842722 -1.12939239
0.00000000 2.50000000 0.00625934 -1.10564220
0.01000000 2.50000000 0.22134405 -1.12594819
0.02000000 2.50000000 0.39013055 -1.17179716
0.03000000 2.50000000 0.49236032 -1.21833360
0.04000000 2.50000000 0.56051195 -1.26221859
0.05000000 2.50000000 0.60547787 -1.29833031
0.06000000 2.50000000 0.63978517 -1.33290446
0.07000000 2.50000000 0.66870165 -1.36572564
0.08000000 2.50000000 0.68954700 -1.39348519
0.09000000 2.50000000 0.70857918 -1.42194784
0.10000000 2.50000000 0.72480553 -1.44824457
0.11000000 2.50000000 0.73888904 -1.47392702
0.12000000 2.50000000 0.75095803 -1.49774814
0.13000000 2.50000000 0.76132268 -1.51976430
0.14000000 2.50000000 0.77066797 -1.54183793
0.15000001 2.50000000 0.77896982 -1.56257272
0.16000000 2.50000000 0.78712404 -1.58332074
0.17000000 2.50000000 0.79438776 -1.60375690
0.18000001 2.50000000 0.80128950 -1.62372947
0.19000000 2.50000000 0.80742759 -1.64275098
0.20000000 2.50000000 0.81301326 -1.66167653
0.20999999 2.50000000 0.81915635 -1.68145216
0.22000000 2.50000000 0.82344234 -1.69807017
0.23000000 2.50000000 0.82839966 -1.71634376
0.23999999 2.50000000 0.83287019 -1.73394716
0.25000000 2.50000000 0.83723301 -1.75130105
0.25999999 2.50000000 0.84089893 -1.76775110
0.27000001 2.50000000 0.84539276 -1.78590226
0.28000000 2.50000000 0.84887123 -1.80230081
0.28999999 2.50000000 0.85156268 -1.81699657
0.30000001 2.50000000 0.85563397 -1.83508861
0.31000000 2.50000000 0.85823262 -1.84964955
0.31999999 2.50000000 0.86134213 -1.86607885
0.33000001 2.50000000 0.86438572 -1.88218665
0.34000000 2.50000000 0.86725521 -1.89785302
0.34999999 2.50000000 0.86998296 -1.91344380
0.36000001 2.50000000 0.87234765 -1.92815006
0.37000000 2.50000000 0.87498623 -1.94382608
0.38000000 2.50000000 0.87715948 -1.95832944
0.38999999 2.50000000 0.87957072 -1.97348523
0.40000001 2.50000000 0.88200569 -1.98893523
0.41000000 2.50000000 0.88381261 -2.00271964
0.41999999 2.50000000 0.88574588 -2.01675606
0.43000001 2.50000000 0.88801128 -2.03207850
0.44000000 2.50000000 0.88995045 -2.04656315
0.44999999 2.50000000 0.89183241 -2.06083536
0.46000001 2.50000000 0.89365149 -2.07501745
0.47000000 2.50000000 0.89528263 -2.08867931
0.47999999 2.50000000 0.89708793 -2.10300970
0.49000001 2.50000000 0.89885551 -2.11727810
0.50000000 2.50000000 0.90049452 -2.13112259
0.49000001 2.50000000 0.89883375 -2.11717772
0.47999999 2.50000000 0.89716262 -2.10328913
0.47000000 2.50000000 0.89533383 -2.08878851
0.46000001 2.50000000 0.89361304 -2.07479405
0.44999999 2.50000000 0.89162391 -2.06004262
0.44000000 2.50000000 0.89005101 -2.04678941
0.43000001 2.50000000 0.88796377 -2.03195763
0.41999999 2.50000000 0.88580978 -2.01706076
0.41000000 2.50000000 0.88393539 -2.00303435
0.40000001 2.50000000 0.88146323 -1.98756039
0.38999999 2.50000000 0.87952089 -1.97348094
0.38000000 2.50000000 0.87717277 -1.95821631
0.37000000 2.50000000 0.87485081 -1.94320667
0.36000001 2.50000000 0.87230819 -1.92804229
0.34999999 2.50000000 0.87011641 -1.91361058
0.34000000 2.50000000 0.86738026 -1.89814234
0.33000001 2.50000000 0.86410379 -1.88147974
0.31999999 2.50000000 0.86148000 -1.86633110
0.31000000 2.50000000 0.85833406 -1.84993374
0.30000001 2.50000000 0.85534370 -1.83420563
0.28999999 2.50000000 0.85205311 -1.81825900
0.28000000 2.50000000 0.84868550 -1.80203164
0.27000001 2.50000000 0.84503120 -1.78511584
0.25999999 2.50000000 0.84125155 -1.76837802
0.25000000 2.50000000 0.83694345 -1.75093293
0.23999999 2.50000000 0.83291209 -1.73388338
0.23000000 2.50000000 0.82855719 -1.71643531
0.22000000 2.50000000 0.82350487 -1.69846237
0.20999999 2.50000000 0.81826556 -1.67968297
0.20000000 2.50000000 0.81335485 -1.66205800
0.19000000 2.50000000 0.80790287 -1.64384973
0.18000001 2.50000000 0.80096805 -1.62319934
0.17000000 2.50000000 0.79452938 -1.60414755
0.16000000 2.50000000 0.78652084 -1.58276772
0.15000001 2.50000000 0.77967632 -1.56321168
0.14000000 2.50000000 0.77100873 -1.54205143
0.13000000 2.50000000 0.76035702 -1.51874149
0.12000000 2.50000000 0.75003964 -1.49606645
0.11000000 2.50000000 0.73789757 -1.47210240
0.10000000 2.50000000 0.72591907 -1.44951010
0.09000000 2.50000000 0.70851445 -1.42233694
0.08000000 2.50000000 0.69065988 -1.39477444
0.07000000 2.50000000 0.66790038 -1.36498916
0.06000000 2.50000000 0.64132667 -1.33391166
0.05000000 2.50000000 0.60694402 -1.29961312
0.04000000 2.50000000 0.55794114 -1.25955606
0.03000000 2.50000000 0.48867333 -1.21626174
0.02000000 2.50000000 0.38244367 -1.16900718
0.01000000 2.50000000 0.23248541 -1.12772179
0.00000000 2.50000000 0.01186307 -1.10599291
-0.01000000 2.50000000 -0.23323417 -1.12809277
-0.02000000 2.50000000 -0.39492643 -1.17326868
-0.03000000 2.50000000 -0.49242374 -1.21846390
-0.04000000 2.50000000 -0.55936188 -1.26092339
-0.05000000 2.50000000 -0.60764557 -1.30068111
-0.06000000 2.50000000 -0.63865995 -1.33218312
-0.07000000 2.50000000 -0.66709274 -1.36407268
-0.08000000 2.50000000 -0.68953907 -1.39390504
-0.09000000 2.50000000 -0.70869672 -1.42201304
-0.10000000 2.50000000 -0.72478801 -1.44853318
-0.11000000 2.50000000 -0.73903841 -1.47380555
-0.12000000 2.50000000 -0.75067627 -1.49750769
-0.13000000 2.50000000 -0.76088500 -1.51949883
-0.14000000 2.50000000 -0.76971418 -1.54026592
-0.15000001 2.50000000 -0.77925688 -1.56297290
-0.16000000 2.50000000 -0.78826624 -1.58548355
-0.17000000 2.50000000 -0.79455978 -1.60405004
-0.18000001 2.50000000 -0.80075705 -1.62273240
-0.19000000 2.50000000 -0.80747020 -1.64308822
-0.20000000 2.50000000 -0.81330812 -1.66198814
-0.20999999 2.50000000 -0.81824869 -1.67948282
-0.22000000 2.50000000 -0.82345927 -1.69822824
-0.23000000 2.50000000 -0.82872558 -1.71702302
-0.23999999 2.50000000 -0.83331931 -1.73466408
-0.25000000 2.50000000 -0.83723271 -1.75153530
-0.25999999 2.50000000 -0.84109730 -1.76801550
-0.27000001 2.50000000 -0.84494549 -1.78517044
-0.28000000 2.50000000 -0.84866035 -1.80204618
-0.28999999 2.50000000 -0.85211587 -1.81812143
-0.30000001 2.50000000 -0.85523826 -1.83418286
-0.31000000 2.50000000 -0.85871923 -1.85096502
-0.31999999 2.50000000 -0.86178714 -1.86694491
-0.33000001 2.50000000 -0.86456519 -1.88243663
-0.34000000 2.50000000 -0.86718434 -1.89765728
-0.34999999 2.50000000 -0.86992288 -1.91337991
-0.36000001 2.50000000 -0.87244314 -1.92833459
-0.37000000 2.50000000 -0.87497795 -1.94377983
-0.38000000 2.50000000 -0.87748623 -1.95907021
-0.38999999 2.50000000 -0.87912619 -1.97227216
-0.40000001 2.50000000 -0.88163090 -1.98784781
-0.41000000 2.50000000 -0.88373417 -2.00254893
-0.41999999 2.50000000 -0.88604683 -2.01753759
-0.43000001 2.50000000 -0.88802034 -2.03205585
-0.44000000 2.50000000 -0.89002317 -2.04648709
-0.44999999 2.50000000 -0.89205545 -2.06154561
-0.46000001 2.50000000 -0.89374155 -2.07518744
-0.47000000 2.50000000 -0.89565462 -2.08984303
-0.47999999 2.50000000 -0.89720541 -2.10342550
-0.49000001 2.50000000 -0.89878118 -2.11699843
-0.50000000 2.50000000 -0.90025508 -2.13043070
