0.20500000 0.22679999 0.00076294
0.20500000 0.31751999 0.00085449
0.20500000 0.40823999 0.00073242
0.20500000 0.49895999 0.00079346
0.20500000 0.58968002 0.00067139
0.20500000 0.68040001 0.00083923
0.24400000 0.22679999 0.00077820
0.24400000 0.31751999 0.00059509
0.24400000 0.40823999 0.00080872
0.24400000 0.49895999 0.00088501
0.24400000 0.58968002 0.00090027
0.24400000 0.68040001 0.00074768
0.28299999 0.22679999 0.00074768
0.28299999 0.31751999 0.00085449
0.28299999 0.40823999 0.00067139
0.28299999 0.49895999 0.00090027
0.28299999 0.58968002 0.00057983
0.28299999 0.68040001 0.00065613
0.32200000 0.22679999 0.00093079
0.32200000 0.31751999 0.00065613
0.32200000 0.40823999 0.00077820
0.32200000 0.49895999 0.00085449
0.32200000 0.58968002 0.00079346
0.32200000 0.68040001 0.00090027
0.36100000 0.22679999 0.00064087
0.36100000 0.31751999 0.00079346
0.36100000 0.40823999 0.00105286
0.36100000 0.49895999 0.00073242
0.36100000 0.58968002 0.00082397
0.36100000 0.68040001 0.00059509
0.40000001 0.22679999 0.00085449
0.40000001 0.31751999 0.00094604
0.40000001 0.40823999 0.00079346
0.40000001 0.49895999 0.00083923
0.40000001 0.58968002 0.00074768
0.40000001 0.68040001 0.00083923
