-0.10000000 0.22679999 0.99609375
-0.10000000 1.04328001 0.99609375
-0.10000000 1.85976005 0.99609375
-0.10000000 2.67623997 0.99609375
-0.10000000 3.49271989 0.99609375
-0.10000000 4.30919981 0.99609375
0.00000000 0.22679999 0.99609375
0.00000000 1.04328001 0.99609375
0.00000000 1.85976005 0.99609375
0.00000000 2.67623997 0.99609375
0.00000000 3.49271989 0.99609375
0.00000000 4.30919981 0.99609375
0.10000000 0.22679999 0.99609375
0.10000000 1.04328001 0.99609375
0.10000000 1.85976005 0.99609375
0.10000000 2.67623997 0.99609375
0.10000000 3.49271989 0.99609375
0.10000000 4.30919981 0.99609375
