-0.50000000 1.00000000 -0.99974769 -2.49887228
-0.49000001 1.00000000 -0.99974030 -2.48884106
-0.47999999 1.00000000 -0.99973482 -2.47881913
-0.47000000 1.00000000 -0.99973083 -2.46880436
-0.46000001 1.00000000 -0.99972302 -2.45877290
-0.44999999 1.00000000 -0.99971914 -2.44875813
-0.44000000 1.00000000 -0.99971402 -2.43873882
-0.43000001 1.00000000 -0.99970388 -2.42869663
-0.41999999 1.00000000 -0.99969441 -2.41865849
-0.41000000 1.00000000 -0.99969500 -2.40866494
-0.40000001 1.00000000 -0.99968565 -2.39862776
-0.38999999 1.00000000 -0.99968451 -2.38862538
-0.38000000 1.00000000 -0.99967223 -2.37857556
-0.37000000 1.00000000 -0.99966991 -2.36856961
-0.36000001 1.00000000 -0.99966061 -2.35853171
-0.34999999 1.00000000 -0.99965227 -2.34850049
-0.34000000 1.00000000 -0.99963653 -2.33843637
-0.33000001 1.00000000 -0.99963063 -2.32841682
-0.31999999 1.00000000 -0.99963278 -2.31842875
-0.31000000 1.00000000 -0.99963129 -2.30842614
-0.30000001 1.00000000 -0.99961913 -2.29837751
-0.28999999 1.00000000 -0.99960935 -2.28834128
-0.28000000 1.00000000 -0.99959713 -2.27829313
-0.27000001 1.00000000 -0.99959958 -2.26830792
-0.25999999 1.00000000 -0.99958295 -2.25824070
-0.25000000 1.00000000 -0.99957550 -2.24821615
-0.23999999 1.00000000 -0.99956238 -2.23816276
-0.23000000 1.00000000 -0.99956220 -2.22816968
-0.22000000 1.00000000 -0.99953485 -2.21805835
-0.20999999 1.00000000 -0.99953634 -2.20807171
-0.20000000 1.00000000 -0.99952060 -2.19801188
-0.19000000 1.00000000 -0.99950874 -2.18796778
-0.18000001 1.00000000 -0.99950385 -2.17795277
-0.17000000 1.00000000 -0.99949789 -2.16793561
-0.16000000 1.00000000 -0.99948925 -2.15790248
-0.15000001 1.00000000 -0.99947542 -2.14785433
-0.14000000 1.00000000 -0.99946231 -2.13780594
-0.13000000 1.00000000 -0.99945033 -2.12776327
-0.12000000 1.00000000 -0.99944222 -2.11773396
-0.11000000 1.00000000 -0.99943215 -2.10770202
-0.10000000 1.00000000 -0.99941480 -2.09763741
-0.09000000 1.00000000 -0.99940062 -2.08758759
-0.08000000 1.00000000 -0.99938846 -2.07754445
-0.07000000 1.00000000 -0.99938184 -2.06752419
-0.06000000 1.00000000 -0.99936372 -2.05745840
-0.05000000 1.00000000 -0.99934936 -2.04740763
-0.04000000 1.00000000 -0.99933028 -2.03733873
-0.03000000 1.00000000 -0.99932194 -2.02731752
-0.02000000 1.00000000 -0.99929941 -2.01723480
-0.01000000 1.00000000 -0.99930191 -2.00725269
0.00000000 1.00000000 -0.99928868 -1.99721134
0.01000000 1.00000000 -0.99925840 -1.98709881
0.02000000 1.00000000 -0.99924397 -1.97705293
0.03000000 1.00000000 -0.99921805 -1.96696281
0.04000000 1.00000000 -0.99920779 -1.95692945
0.05000000 1.00000000 -0.99918687 -1.94686425
0.06000000 1.00000000 -0.99917948 -1.93684185
0.07000000 1.00000000 -0.99915618 -1.92676127
0.08000000 1.00000000 -0.99914074 -1.91671276
0.09000000 1.00000000 -0.99912393 -1.90666008
0.10000000 1.00000000 -0.99911004 -1.89661789
0.11000000 1.00000000 -0.99907094 -1.88647759
0.12000000 1.00000000 -0.99905860 -1.87644589
0.13000000 1.00000000 -0.99903524 -1.86637092
0.14000000 1.00000000 -0.99901360 -1.85629642
0.15000001 1.00000000 -0.99899220 -1.84623718
0.16000000 1.00000000 -0.99897814 -1.83619225
0.17000000 1.00000000 -0.99895012 -1.82610381
0.18000001 1.00000000 -0.99891752 -1.81599641
0.19000000 1.00000000 -0.99889278 -1.80591822
0.20000000 1.00000000 -0.99886924 -1.79584587
0.20999999 1.00000000 -0.99884647 -1.78577340
0.22000000 1.00000000 -0.99882519 -1.77571392
0.23000000 1.00000000 -0.99878663 -1.76559651
0.23999999 1.00000000 -0.99876618 -1.75553083
0.25000000 1.00000000 -0.99873215 -1.74543023
0.25999999 1.00000000 -0.99871069 -1.73537064
0.27000001 1.00000000 -0.99866986 -1.72524464
0.28000000 1.00000000 -0.99863875 -1.71514094
0.28999999 1.00000000 -0.99856991 -1.70499647
0.30000001 1.00000000 -0.99857503 -1.69495499
0.31000000 1.00000000 -0.99853748 -1.68486261
0.31999999 1.00000000 -0.99849057 -1.67472267
0.33000001 1.00000000 -0.99846661 -1.66464937
0.34000000 1.00000000 0.61859846 -2.20177388
0.34999999 1.00000000 0.99965471 -2.34851265
0.36000001 1.00000000 0.99966317 -2.35854506
0.37000000 1.00000000 0.99967039 -2.36857224
0.38000000 1.00000000 0.99968255 -2.37862062
0.38999999 1.00000000 0.99968332 -2.38862157
0.40000001 1.00000000 0.99969184 -2.39865494
0.41000000 1.00000000 0.99969506 -2.40866613
0.41999999 1.00000000 0.99970406 -2.41870141
0.43000001 1.00000000 0.99970561 -2.42870545
0.44000000 1.00000000 0.99971169 -2.43872786
0.44999999 1.00000000 0.99972022 -2.44876266
0.46000001 1.00000000 0.99972379 -2.45877624
0.47000000 1.00000000 0.99973220 -2.46881032
0.47999999 1.00000000 0.99973303 -2.47881079
0.49000001 1.00000000 0.99974161 -2.48884773
0.50000000 1.00000000 0.99974746 -2.49887013
0.49000001 1.00000000 0.99973792 -2.48883057
0.47999999 1.00000000 0.99973345 -2.47881317
0.47000000 1.00000000 0.99972725 -2.46878862
0.46000001 1.00000000 0.99972475 -2.45878005
0.44999999 1.00000000 0.99971688 -2.44874787
0.44000000 1.00000000 0.99971426 -2.43874025
0.43000001 1.00000000 0.99970794 -2.42871547
0.41999999 1.00000000 0.99970263 -2.41869617
0.41000000 1.00000000 0.99969387 -2.40865993
0.40000001 1.00000000 0.99968672 -2.39863229
0.38999999 1.00000000 0.99967909 -2.38860297
0.38000000 1.00000000 0.99967569 -2.37859225
0.37000000 1.00000000 0.99967146 -2.36857677
0.36000001 1.00000000 0.99966335 -2.35854626
0.34999999 1.00000000 0.99965662 -2.34852076
0.34000000 1.00000000 0.99964088 -2.33845735
0.33000001 1.00000000 0.99963552 -2.32843661
0.31999999 1.00000000 0.99962914 -2.31841207
0.31000000 1.00000000 0.99962759 -2.30840898
0.30000001 1.00000000 0.99961644 -2.29836607
0.28999999 1.00000000 0.99961692 -2.28837132
0.28000000 1.00000000 0.99960279 -2.27831554
0.27000001 1.00000000 0.99958682 -2.26825452
0.25999999 1.00000000 0.99958050 -2.25823116
0.25000000 1.00000000 0.99957854 -2.24822688
0.23999999 1.00000000 0.99956489 -2.23817539
0.23000000 1.00000000 0.99955708 -2.22814655
0.22000000 1.00000000 0.99954724 -2.21811175
0.20999999 1.00000000 0.99953711 -2.20807338
0.20000000 1.00000000 0.99952310 -2.19802189
0.19000000 1.00000000 0.99951482 -2.18799329
0.18000001 1.00000000 0.99950880 -2.17797160
0.17000000 1.00000000 0.99950027 -2.16794443
0.16000000 1.00000000 0.99948025 -2.15786934
0.15000001 1.00000000 0.99947709 -2.14786029
0.14000000 1.00000000 0.99945676 -2.13778520
0.13000000 1.00000000 0.99945676 -2.12778783
0.12000000 1.00000000 0.99944097 -2.11773086
0.11000000 1.00000000 0.99942130 -2.10765791
0.10000000 1.00000000 0.99941248 -2.09763098
0.09000000 1.00000000 0.99940097 -2.08758950
0.08000000 1.00000000 0.99939060 -2.07755685
0.07000000 1.00000000 0.99937624 -2.06750488
0.06000000 1.00000000 0.99935448 -2.05742526
0.05000000 1.00000000 0.99934363 -2.04738951
0.04000000 1.00000000 0.99933225 -2.03734779
0.03000000 1.00000000 0.99931830 -2.02730370
0.02000000 1.00000000 0.99930656 -2.01726556
0.01000000 1.00000000 0.99930120 -2.00725412
0.00000000 1.00000000 0.99928349 -1.99719059
-0.01000000 1.00000000 0.99926430 -1.98712134
-0.02000000 1.00000000 0.99923778 -1.97703445
-0.03000000 1.00000000 0.99922651 -1.96699572
-0.04000000 1.00000000 0.99921048 -1.95694363
-0.05000000 1.00000000 0.99919349 -1.94688320
-0.06000000 1.00000000 0.99917102 -1.93680894
-0.07000000 1.00000000 0.99915862 -1.92676973
-0.08000000 1.00000000 0.99913204 -1.91668558
-0.09000000 1.00000000 0.99910808 -1.90660059
-0.10000000 1.00000000 0.99909729 -1.89657080
-0.11000000 1.00000000 0.99908662 -1.88654220
-0.12000000 1.00000000 0.99906391 -1.87646639
-0.13000000 1.00000000 0.99903452 -1.86636603
-0.14000000 1.00000000 0.99901760 -1.85631156
-0.15000001 1.00000000 0.99900085 -1.84626853
-0.16000000 1.00000000 0.99896383 -1.83614242
-0.17000000 1.00000000 0.99893916 -1.82606232
-0.18000001 1.00000000 0.99892265 -1.81601262
-0.19000000 1.00000000 0.99890721 -1.80597234
-0.20000000 1.00000000 0.99886769 -1.79583561
-0.20999999 1.00000000 0.99883848 -1.78575277
-0.22000000 1.00000000 0.99881500 -1.77568150
-0.23000000 1.00000000 0.99879360 -1.76561928
-0.23999999 1.00000000 0.99875772 -1.75550401
-0.25000000 1.00000000 0.99874061 -1.74545169
-0.25999999 1.00000000 0.99868560 -1.73528266
-0.27000001 1.00000000 0.99867409 -1.72524631
-0.28000000 1.00000000 0.99862969 -1.71512544
-0.28999999 1.00000000 0.99861246 -1.70507348
-0.30000001 1.00000000 0.99857152 -1.69494212
-0.31000000 1.00000000 0.99853617 -1.68485165
-0.31999999 1.00000000 0.99849921 -1.67473996
-0.33000001 1.00000000 0.99846667 -1.66464889
-0.34000000 1.00000000 0.99843687 -1.65455699
-0.34999999 1.00000000 0.99839675 -1.64445496
-0.36000001 1.00000000 0.07890762 -1.96104312
-0.37000000 1.00000000 -0.99967211 -2.36858130
-0.38000000 1.00000000 -0.99967462 -2.37858605
-0.38999999 1.00000000 -0.99968278 -2.38861775
-0.40000001 1.00000000 -0.99969286 -2.39865780
-0.41000000 1.00000000 -0.99969500 -2.40866494
-0.41999999 1.00000000 -0.99969912 -2.41868043
-0.43000001 1.00000000 -0.99970084 -2.42868471
-0.44000000 1.00000000 -0.99970847 -2.43871522
-0.44999999 1.00000000 -0.99972308 -2.44877553
-0.46000001 1.00000000 -0.99972141 -2.45876527
-0.47000000 1.00000000 -0.99973035 -2.46880245
-0.47999999 1.00000000 -0.99973273 -2.47881079
-0.49000001 1.00000000 -0.99974144 -2.48884583
-0.50000000 1.00000000 -0.99974138 -2.49884319
