-0.10000000 0.22679999 0.01165771
-0.10000000 1.04328001 0.01165771
-0.10000000 1.85976005 0.02334595
-0.10000000 2.67623997 0.06222534
-0.10000000 3.49271989 0.09725952
-0.10000000 4.30919981 0.15173340
0.00000000 0.22679999 0.01165771
0.00000000 1.04328001 0.01165771
0.00000000 1.85976005 0.02334595
0.00000000 2.67623997 0.05831909
0.00000000 3.49271989 0.08944702
0.00000000 4.30919981 0.14785767
0.10000000 0.22679999 0.01165771
0.10000000 1.04328001 0.01165771
0.10000000 1.85976005 0.02334595
0.10000000 2.67623997 0.05444336
0.10000000 3.49271989 0.08944702
0.10000000 4.30919981 0.14398193
