-5.00000000 0.10000000 -1.00000000 -7.00000000
-5.00000000 0.20000000 -1.00000000 -7.00000000
-5.00000000 0.30000001 -1.00000000 -7.00000000
-5.00000000 0.39999998 -1.00000000 -7.00000000
-5.00000000 0.50000000 -1.00000000 -7.00000000
-5.00000000 0.60000002 -1.00000000 -7.00000000
-5.00000000 0.69999993 -1.00000000 -7.00000000
-5.00000000 0.79999995 -1.00000000 -7.00000000
-5.00000000 0.89999998 -1.00000000 -7.00000000
-5.00000000 0.99999988 -0.99999994 -6.99999952
-5.00000000 1.10000002 -0.99999988 -6.99999857
-5.00000000 1.20000005 -0.99999946 -6.99999475
-5.00000000 1.29999995 -0.99999809 -6.99998283
-5.00000000 1.39999998 -0.99999499 -6.99995470
-5.00000000 1.49999988 -0.99998820 -6.99989414
-5.00000000 1.60000002 -0.99997419 -6.99976730
-5.00000000 1.70000005 -0.99994922 -6.99954319
-5.00000000 1.79999995 -0.99990946 -6.99918509
-5.00000000 1.89999986 -0.99984604 -6.99861479
-5.00000000 2.00000000 -0.99975044 -6.99775505
-5.00000000 2.09999990 -0.99961734 -6.99655819
-5.00000000 2.20000005 -0.99943405 -6.99491024
-5.00000000 2.29999995 -0.99919438 -6.99275684
-5.00000000 2.39999986 -0.99888396 -6.98996925
-5.00000000 2.49999976 -0.99849141 -6.98644590
-5.00000000 2.59999990 -0.99800789 -6.98210764
-5.00000000 2.70000005 -0.99741131 -6.97675991
-5.00000000 2.79999995 -0.99671042 -6.97048092
-5.00000000 2.89999986 -0.99588150 -6.96306610
-5.00000000 2.99999976 -0.99491507 -6.95442820
-5.00000000 3.09999990 -0.99380136 -6.94448900
-5.00000000 3.20000005 -0.99255061 -6.93333483
-5.00000000 3.29999995 -0.99112546 -6.92064619
-5.00000000 3.40000010 -0.98953545 -6.90651464
-5.00000000 3.50000000 -0.98778188 -6.89094830
-5.00000000 3.59999990 -0.98581994 -6.87356186
-5.00000000 3.69999957 -0.98372418 -6.85503340
-5.00000000 3.79999995 -0.98142731 -6.83475876
-5.00000000 3.90000010 -0.97893435 -6.81279802
-5.00000000 4.00000000 -0.97622925 -6.78902483
-5.00000000 4.09999990 -0.97332692 -6.76354790
-4.79591846 0.10000000 -1.00000000 -6.79591846
-4.79591846 0.20000000 -1.00000000 -6.79591846
-4.79591846 0.30000001 -1.00000000 -6.79591846
-4.79591846 0.39999998 -1.00000000 -6.79591846
-4.79591846 0.50000000 -1.00000000 -6.79591846
-4.79591846 0.60000002 -1.00000000 -6.79591846
-4.79591846 0.69999993 -1.00000000 -6.79591846
-4.79591846 0.79999995 -1.00000000 -6.79591846
-4.79591846 0.89999998 -1.00000000 -6.79591846
-4.79591846 0.99999988 -0.99999994 -6.79591799
-4.79591846 1.10000002 -0.99999970 -6.79591608
-4.79591846 1.20000005 -0.99999917 -6.79591084
-4.79591846 1.29999995 -0.99999744 -6.79589605
-4.79591846 1.39999998 -0.99999321 -6.79585886
-4.79591846 1.49999988 -0.99998331 -6.79577160
-4.79591846 1.60000002 -0.99996656 -6.79562426
-4.79591846 1.70000005 -0.99993646 -6.79535961
-4.79591846 1.79999995 -0.99988723 -6.79492664
-4.79591846 1.89999986 -0.99980986 -6.79424667
-4.79591846 2.00000000 -0.99969792 -6.79326296
-4.79591846 2.09999990 -0.99953890 -6.79186487
-4.79591846 2.20000005 -0.99932569 -6.78999329
-4.79591846 2.29999995 -0.99904078 -6.78749228
-4.79591846 2.39999986 -0.99867004 -6.78423834
-4.79591846 2.49999976 -0.99821270 -6.78022909
-4.79591846 2.59999990 -0.99766016 -6.77538824
-4.79591846 2.70000005 -0.99697840 -6.76942158
-4.79591846 2.79999995 -0.99618220 -6.76245689
-4.79591846 2.89999986 -0.99524832 -6.75429678
-4.79591846 2.99999976 -0.99415469 -6.74475622
-4.79591846 3.09999990 -0.99290097 -6.73383236
-4.79591846 3.20000005 -0.99147797 -6.72145605
-4.79591846 3.29999995 -0.98991114 -6.70784616
-4.79591846 3.40000010 -0.98813164 -6.69241858
-4.79591846 3.50000000 -0.98619235 -6.67562866
-4.79591846 3.59999990 -0.98404849 -6.65711021
-4.79591846 3.69999957 -0.98169649 -6.63684082
-4.79591846 3.79999995 -0.97915083 -6.61492491
-4.79591846 3.90000010 -0.97645831 -6.59181976
-4.79591846 4.00000000 -0.97349310 -6.56643200
-4.79591846 4.09999990 -0.97034508 -6.53954172
-4.59183693 0.10000000 -1.00000000 -6.59183693
-4.59183693 0.20000000 -1.00000000 -6.59183693
-4.59183693 0.30000001 -1.00000000 -6.59183693
-4.59183693 0.39999998 -1.00000000 -6.59183693
-4.59183693 0.50000000 -1.00000000 -6.59183693
-4.59183693 0.60000002 -1.00000000 -6.59183693
-4.59183693 0.69999993 -1.00000000 -6.59183693
-4.59183693 0.79999995 -1.00000000 -6.59183693
-4.59183693 0.89999998 -1.00000000 -6.59183693
-4.59183693 0.99999988 -0.99999994 -6.59183645
-4.59183693 1.10000002 -0.99999964 -6.59183407
-4.59183693 1.20000005 -0.99999893 -6.59182787
-4.59183693 1.29999995 -0.99999619 -6.59180450
-4.59183693 1.39999998 -0.99999058 -6.59175587
-4.59183693 1.49999988 -0.99997902 -6.59165668
-4.59183693 1.60000002 -0.99995661 -6.59146404
-4.59183693 1.70000005 -0.99991846 -6.59113646
-4.59183693 1.79999995 -0.99985772 -6.59061527
-4.59183693 1.89999986 -0.99976313 -6.58980274
-4.59183693 2.00000000 -0.99962527 -6.58861923
-4.59183693 2.09999990 -0.99943864 -6.58701801
-4.59183693 2.20000005 -0.99918163 -6.58481312
-4.59183693 2.29999995 -0.99884880 -6.58196115
-4.59183693 2.39999986 -0.99842626 -6.57834196
-4.59183693 2.49999976 -0.99790329 -6.57386589
-4.59183693 2.59999990 -0.99725336 -6.56830835
-4.59183693 2.70000005 -0.99648142 -6.56171370
-4.59183693 2.79999995 -0.99555665 -6.55382252
-4.59183693 2.89999986 -0.99450564 -6.54486895
-4.59183693 2.99999976 -0.99326897 -6.53433990
-4.59183693 3.09999990 -0.99186450 -6.52240896
-4.59183693 3.20000005 -0.99028361 -6.50899982
-4.59183693 3.29999995 -0.98851395 -6.49401331
-4.59183693 3.40000010 -0.98654884 -6.47740698
-4.59183693 3.50000000 -0.98438668 -6.45916653
-4.59183693 3.59999990 -0.98200476 -6.43912172
-4.59183693 3.69999957 -0.97945428 -6.41770124
-4.59183693 3.79999995 -0.97661531 -6.39393044
-4.59183693 3.90000010 -0.97363031 -6.36898041
-4.59183693 4.00000000 -0.97036505 -6.34177637
-4.59183693 4.09999990 -0.96693552 -6.31326818
-4.38775492 0.10000000 -1.00000000 -6.38775492
-4.38775492 0.20000000 -1.00000000 -6.38775492
-4.38775492 0.30000001 -1.00000000 -6.38775492
-4.38775492 0.39999998 -1.00000000 -6.38775492
-4.38775492 0.50000000 -1.00000000 -6.38775492
-4.38775492 0.60000002 -1.00000000 -6.38775492
-4.38775492 0.69999993 -1.00000000 -6.38775492
-4.38775492 0.79999995 -1.00000000 -6.38775492
-4.38775492 0.89999998 -0.99999994 -6.38775444
-4.38775492 0.99999988 -0.99999988 -6.38775396
-4.38775492 1.10000002 -0.99999958 -6.38775158
-4.38775492 1.20000005 -0.99999839 -6.38774157
-4.38775492 1.29999995 -0.99999499 -6.38771296
-4.38775492 1.39999998 -0.99998748 -6.38765001
-4.38775492 1.49999988 -0.99997258 -6.38752460
-4.38775492 1.60000002 -0.99994451 -6.38728952
-4.38775492 1.70000005 -0.99989527 -6.38687658
-4.38775492 1.79999995 -0.99982113 -6.38625479
-4.38775492 1.89999986 -0.99970591 -6.38528919
-4.38775492 2.00000000 -0.99954307 -6.38392544
-4.38775492 2.09999990 -0.99931365 -6.38200378
-4.38775492 2.20000005 -0.99901897 -6.37953806
-4.38775492 2.29999995 -0.99862099 -6.37621021
-4.38775492 2.39999986 -0.99812925 -6.37209940
-4.38775492 2.49999976 -0.99752080 -6.36701775
-4.38775492 2.59999990 -0.99677688 -6.36081553
-4.38775492 2.70000005 -0.99589342 -6.35345745
-4.38775492 2.79999995 -0.99485171 -6.34479284
-4.38775492 2.89999986 -0.99365371 -6.33483696
-4.38775492 2.99999976 -0.99225754 -6.32326031
-4.38775492 3.09999990 -0.99065608 -6.30999756
-4.38775492 3.20000005 -0.98888701 -6.29538631
-4.38775492 3.29999995 -0.98692304 -6.27918482
-4.38775492 3.40000010 -0.98472786 -6.26111555
-4.38775492 3.50000000 -0.98232013 -6.24134922
-4.38775492 3.59999990 -0.97968942 -6.21980143
-4.38775492 3.69999957 -0.97680461 -6.19623995
-4.38775492 3.79999995 -0.97374749 -6.17132378
-4.38775492 3.90000010 -0.97045243 -6.14453554
-4.38775492 4.00000000 -0.96688670 -6.11566162
-4.38775492 4.09999990 -0.96314782 -6.08546448
-4.18367338 0.10000000 -1.00000000 -6.18367338
-4.18367338 0.20000000 -1.00000000 -6.18367338
-4.18367338 0.30000001 -1.00000000 -6.18367338
-4.18367338 0.39999998 -1.00000000 -6.18367338
-4.18367338 0.50000000 -1.00000000 -6.18367338
-4.18367338 0.60000002 -1.00000000 -6.18367338
-4.18367338 0.69999993 -1.00000000 -6.18367338
-4.18367338 0.79999995 -1.00000000 -6.18367338
-4.18367338 0.89999998 -0.99999994 -6.18367290
-4.18367338 0.99999988 -0.99999982 -6.18367195
-4.18367338 1.10000002 -0.99999928 -6.18366766
-4.18367338 1.20000005 -0.99999750 -6.18365288
-4.18367338 1.29999995 -0.99999273 -6.18361378
-4.18367338 1.39999998 -0.99998295 -6.18353367
-4.18367338 1.49999988 -0.99996346 -6.18337393
-4.18367338 1.60000002 -0.99992782 -6.18308258
-4.18367338 1.70000005 -0.99986786 -6.18259239
-4.18367338 1.79999995 -0.99977350 -6.18182039
-4.18367338 1.89999986 -0.99963319 -6.18067360
-4.18367338 2.00000000 -0.99943662 -6.17906761
-4.18367338 2.09999990 -0.99916887 -6.17688084
-4.18367338 2.20000005 -0.99881470 -6.17399025
-4.18367338 2.29999995 -0.99835187 -6.17021513
-4.18367338 2.39999986 -0.99777836 -6.16554451
-4.18367338 2.49999976 -0.99707204 -6.15979671
-4.18367338 2.59999990 -0.99620104 -6.15271711
-4.18367338 2.70000005 -0.99520260 -6.14461088
-4.18367338 2.79999995 -0.99401927 -6.13502407
-4.18367338 2.89999986 -0.99262422 -6.12373257
-4.18367338 2.99999976 -0.99106592 -6.11114693
-4.18367338 3.09999990 -0.98928809 -6.09682369
-4.18367338 3.20000005 -0.98730868 -6.08089828
-4.18367338 3.29999995 -0.98506618 -6.06291580
-4.18367338 3.40000010 -0.98265362 -6.04359865
-4.18367338 3.50000000 -0.97997862 -6.02224302
-4.18367338 3.59999990 -0.97706205 -5.99900532
-4.18367338 3.69999957 -0.97388709 -5.97380114
-4.18367338 3.79999995 -0.97049618 -5.94697714
-4.18367338 3.90000010 -0.96681142 -5.91789198
-4.18367338 4.00000000 -0.96294957 -5.88750267
-4.18367338 4.09999990 -0.95879138 -5.85488081
-3.97959185 0.10000000 -1.00000000 -5.97959185
-3.97959185 0.20000000 -1.00000000 -5.97959185
-3.97959185 0.30000001 -1.00000000 -5.97959185
-3.97959185 0.39999998 -1.00000000 -5.97959185
-3.97959185 0.50000000 -1.00000000 -5.97959185
-3.97959185 0.60000002 -1.00000000 -5.97959185
-3.97959185 0.69999993 -1.00000000 -5.97959185
-3.97959185 0.79999995 -1.00000000 -5.97959185
-3.97959185 0.89999998 -0.99999994 -5.97959137
-3.97959185 0.99999988 -0.99999976 -5.97958994
-3.97959185 1.10000002 -0.99999899 -5.97958374
-3.97959185 1.20000005 -0.99999690 -5.97956705
-3.97959185 1.29999995 -0.99999028 -5.97951412
-3.97959185 1.39999998 -0.99997765 -5.97941351
-3.97959185 1.49999988 -0.99995273 -5.97921467
-3.97959185 1.60000002 -0.99990809 -5.97885847
-3.97959185 1.70000005 -0.99983168 -5.97824955
-3.97959185 1.79999995 -0.99971759 -5.97733974
-3.97959185 1.89999986 -0.99954689 -5.97597980
-3.97959185 2.00000000 -0.99930781 -5.97407484
-3.97959185 2.09999990 -0.99899137 -5.97155714
-3.97959185 2.20000005 -0.99856460 -5.96816254
-3.97959185 2.29999995 -0.99802327 -5.96386242
-3.97959185 2.39999986 -0.99735487 -5.95855618
-3.97959185 2.49999976 -0.99654156 -5.95211124
-3.97959185 2.59999990 -0.99556166 -5.94435263
-3.97959185 2.70000005 -0.99438566 -5.93507099
-3.97959185 2.79999995 -0.99303049 -5.92437935
-3.97959185 2.89999986 -0.99147522 -5.91213322
-3.97959185 2.99999976 -0.98969001 -5.89811325
-3.97959185 3.09999990 -0.98770308 -5.88253546
-3.97959185 3.20000005 -0.98546213 -5.86501694
-3.97959185 3.29999995 -0.98297054 -5.84558487
-3.97959185 3.40000010 -0.98025602 -5.82446814
-3.97959185 3.50000000 -0.97724921 -5.80115080
-3.97959185 3.59999990 -0.97400945 -5.77611065
-3.97959185 3.69999957 -0.97051620 -5.74918365
-3.97959185 3.79999995 -0.96680051 -5.72064447
-3.97959185 3.90000010 -0.96273756 -5.68953991
-3.97959185 4.00000000 -0.95847845 -5.65703011
-3.97959185 4.09999990 -0.95394742 -5.62264299
-3.77551031 0.10000000 -1.00000000 -5.77551031
-3.77551031 0.20000000 -1.00000000 -5.77551031
-3.77551031 0.30000001 -1.00000000 -5.77551031
-3.77551031 0.39999998 -1.00000000 -5.77551031
-3.77551031 0.50000000 -1.00000000 -5.77551031
-3.77551031 0.60000002 -1.00000000 -5.77551031
-3.77551031 0.69999993 -1.00000000 -5.77551031
-3.77551031 0.79999995 -1.00000000 -5.77551031
-3.77551031 0.89999998 -0.99999994 -5.77550983
-3.77551031 0.99999988 -0.99999964 -5.77550793
-3.77551031 1.10000002 -0.99999863 -5.77549934
-3.77551031 1.20000005 -0.99999541 -5.77547455
-3.77551031 1.29999995 -0.99998724 -5.77541113
-3.77551031 1.39999998 -0.99997032 -5.77527952
-3.77551031 1.49999988 -0.99993724 -5.77502251
-3.77551031 1.60000002 -0.99987942 -5.77457285
-3.77551031 1.70000005 -0.99978620 -5.77384853
-3.77551031 1.79999995 -0.99964428 -5.77274656
-3.77551031 1.89999986 -0.99943602 -5.77113008
-3.77551031 2.00000000 -0.99915206 -5.76892757
-3.77551031 2.09999990 -0.99876267 -5.76591015
-3.77551031 2.20000005 -0.99827075 -5.76210070
-3.77551031 2.29999995 -0.99763566 -5.75718832
-3.77551031 2.39999986 -0.99685615 -5.75116825
-3.77551031 2.49999976 -0.99590266 -5.74381399
-3.77551031 2.59999990 -0.99477017 -5.73509645
-3.77551031 2.70000005 -0.99343097 -5.72480583
-3.77551031 2.79999995 -0.99188858 -5.71297598
-3.77551031 2.89999986 -0.99012387 -5.69947100
-3.77551031 2.99999976 -0.98810899 -5.68408442
-3.77551031 3.09999990 -0.98586047 -5.66697025
-3.77551031 3.20000005 -0.98333538 -5.64779568
-3.77551031 3.29999995 -0.98054266 -5.62665606
-3.77551031 3.40000010 -0.97753686 -5.60397577
-3.77551031 3.50000000 -0.97420490 -5.57891035
-3.77551031 3.59999990 -0.97057998 -5.55172634
-3.77551031 3.69999957 -0.96669024 -5.52269554
-3.77551031 3.79999995 -0.96255922 -5.49193001
-3.77551031 3.90000010 -0.95811826 -5.45902157
-3.77551031 4.00000000 -0.95340461 -5.42419958
-3.77551031 4.09999990 -0.94843620 -5.38766575
-3.57142854 0.10000000 -1.00000000 -5.57142830
-3.57142854 0.20000000 -1.00000000 -5.57142830
-3.57142854 0.30000001 -1.00000000 -5.57142830
-3.57142854 0.39999998 -1.00000000 -5.57142830
-3.57142854 0.50000000 -1.00000000 -5.57142830
-3.57142854 0.60000002 -1.00000000 -5.57142830
-3.57142854 0.69999993 -1.00000000 -5.57142830
-3.57142854 0.79999995 -0.99999994 -5.57142830
-3.57142854 0.89999998 -0.99999988 -5.57142735
-3.57142854 0.99999988 -0.99999952 -5.57142448
-3.57142854 1.10000002 -0.99999774 -5.57141161
-3.57142854 1.20000005 -0.99999332 -5.57137775
-3.57142854 1.29999995 -0.99998248 -5.57129574
-3.57142854 1.39999998 -0.99996018 -5.57112741
-3.57142854 1.49999988 -0.99991804 -5.57080841
-3.57142854 1.60000002 -0.99984455 -5.57025242
-3.57142854 1.70000005 -0.99972725 -5.56936455
-3.57142854 1.79999995 -0.99955481 -5.56806183
-3.57142854 1.89999986 -0.99930000 -5.56613636
-3.57142854 2.00000000 -0.99895793 -5.56355429
-3.57142854 2.09999990 -0.99849904 -5.56009436
-3.57142854 2.20000005 -0.99791151 -5.55566931
-3.57142854 2.29999995 -0.99716657 -5.55006647
-3.57142854 2.39999986 -0.99625021 -5.54318428
-3.57142854 2.49999976 -0.99515426 -5.53496695
-3.57142854 2.59999990 -0.99383694 -5.52511311
-3.57142854 2.70000005 -0.99230778 -5.51369619
-3.57142854 2.79999995 -0.99054271 -5.50055218
-3.57142854 2.89999986 -0.98853254 -5.48561335
-3.57142854 2.99999976 -0.98624200 -5.46864367
-3.57142854 3.09999990 -0.98369431 -5.44983435
-3.57142854 3.20000005 -0.98085302 -5.42892361
-3.57142854 3.29999995 -0.97779167 -5.40644741
-3.57142854 3.40000010 -0.97433531 -5.38115740
-3.57142854 3.50000000 -0.97064573 -5.35429668
-3.57142854 3.59999990 -0.96664238 -5.32522869
-3.57142854 3.69999957 -0.96232867 -5.29403639
-3.57142854 3.79999995 -0.95774037 -5.26101160
-3.57142854 3.90000010 -0.95285529 -5.22597361
-3.57142854 4.00000000 -0.94762623 -5.18866110
-3.57142854 4.09999990 -0.94214058 -5.14966536
-3.36734700 0.10000000 -1.00000000 -5.36734676
-3.36734700 0.20000000 -1.00000000 -5.36734676
-3.36734700 0.30000001 -1.00000000 -5.36734676
-3.36734700 0.39999998 -1.00000000 -5.36734676
-3.36734700 0.50000000 -1.00000000 -5.36734676
-3.36734700 0.60000002 -1.00000000 -5.36734676
-3.36734700 0.69999993 -1.00000000 -5.36734676
-3.36734700 0.79999995 -1.00000000 -5.36734676
-3.36734700 0.89999998 -0.99999988 -5.36734581
-3.36734700 0.99999988 -0.99999917 -5.36734104
-3.36734700 1.10000002 -0.99999714 -5.36732578
-3.36734700 1.20000005 -0.99999106 -5.36728144
-3.36734700 1.29999995 -0.99997616 -5.36717129
-3.36734700 1.39999998 -0.99994582 -5.36694765
-3.36734700 1.49999988 -0.99989283 -5.36655760
-3.36734700 1.60000002 -0.99979681 -5.36585093
-3.36734700 1.70000005 -0.99965566 -5.36481285
-3.36734700 1.79999995 -0.99943501 -5.36318970
-3.36734700 1.89999986 -0.99913228 -5.36096621
-3.36734700 2.00000000 -0.99871528 -5.35790730
-3.36734700 2.09999990 -0.99817210 -5.35392475
-3.36734700 2.20000005 -0.99747288 -5.34880543
-3.36734700 2.29999995 -0.99659187 -5.34236622
-3.36734700 2.39999986 -0.99553090 -5.33462858
-3.36734700 2.49999976 -0.99425751 -5.32536268
-3.36734700 2.59999990 -0.99273992 -5.31433916
-3.36734700 2.70000005 -0.99097371 -5.30154467
-3.36734700 2.79999995 -0.98895282 -5.28694534
-3.36734700 2.89999986 -0.98668015 -5.27057457
-3.36734700 2.99999976 -0.98408049 -5.25190639
-3.36734700 3.09999990 -0.98119015 -5.23121834
-3.36734700 3.20000005 -0.97801930 -5.20862436
-3.36734700 3.29999995 -0.97449464 -5.18357944
-3.36734700 3.40000010 -0.97071511 -5.15685368
-3.36734700 3.50000000 -0.96656495 -5.12759209
-3.36734700 3.59999990 -0.96212322 -5.09642887
-3.36734700 3.69999957 -0.95731682 -5.06286430
-3.36734700 3.79999995 -0.95219487 -5.02727795
-3.36734700 3.90000010 -0.94677025 -4.98973799
-3.36734700 4.00000000 -0.94105327 -4.95037413
-3.36734700 4.09999990 -0.93507481 -4.90939808
-3.16326523 0.10000000 -1.00000000 -5.16326523
-3.16326523 0.20000000 -1.00000000 -5.16326523
-3.16326523 0.30000001 -1.00000000 -5.16326523
-3.16326523 0.39999998 -1.00000000 -5.16326523
-3.16326523 0.50000000 -1.00000000 -5.16326523
-3.16326523 0.60000002 -1.00000000 -5.16326523
-3.16326523 0.69999993 -1.00000000 -5.16326523
-3.16326523 0.79999995 -1.00000000 -5.16326523
-3.16326523 0.89999998 -0.99999976 -5.16326332
-3.16326523 0.99999988 -0.99999893 -5.16325760
-3.16326523 1.10000002 -0.99999577 -5.16323471
-3.16326523 1.20000005 -0.99998695 -5.16317177
-3.16326523 1.29999995 -0.99996746 -5.16303205
-3.16326523 1.39999998 -0.99992716 -5.16274357
-3.16326523 1.49999988 -0.99985772 -5.16224670
-3.16326523 1.60000002 -0.99974078 -5.16141033
-3.16326523 1.70000005 -0.99956107 -5.16012478
-3.16326523 1.79999995 -0.99929613 -5.15823269
-3.16326523 1.89999986 -0.99892122 -5.15555763
-3.16326523 2.00000000 -0.99842113 -5.15199184
-3.16326523 2.09999990 -0.99777204 -5.14737177
-3.16326523 2.20000005 -0.99693996 -5.14145803
-3.16326523 2.29999995 -0.99591720 -5.13420391
-3.16326523 2.39999986 -0.99466169 -5.12532330
-3.16326523 2.49999976 -0.99317539 -5.11482525
-3.16326523 2.59999990 -0.99144149 -5.10262108
-3.16326523 2.70000005 -0.98939836 -5.08827543
-3.16326523 2.79999995 -0.98709869 -5.07218266
-3.16326523 2.89999986 -0.98446774 -5.05384159
-3.16326523 2.99999976 -0.98153871 -5.03349543
-3.16326523 3.09999990 -0.97825968 -5.01079893
-3.16326523 3.20000005 -0.97464830 -4.98589420
-3.16326523 3.29999995 -0.97072816 -4.95899820
-3.16326523 3.40000010 -0.96642756 -4.92960501
-3.16326523 3.50000000 -0.96179813 -4.89815187
-3.16326523 3.59999990 -0.95682216 -4.86445618
-3.16326523 3.69999957 -0.95147866 -4.82848930
-3.16326523 3.79999995 -0.94578946 -4.79038239
-3.16326523 3.90000010 -0.93982202 -4.75061512
-3.16326523 4.00000000 -0.93342179 -4.70820904
-3.16326523 4.09999990 -0.92680174 -4.66457224
-2.95918369 0.10000000 -1.00000000 -4.95918369
-2.95918369 0.20000000 -1.00000000 -4.95918369
-2.95918369 0.30000001 -1.00000000 -4.95918369
-2.95918369 0.39999998 -1.00000000 -4.95918369
-2.95918369 0.50000000 -1.00000000 -4.95918369
-2.95918369 0.60000002 -1.00000000 -4.95918369
-2.95918369 0.69999993 -1.00000000 -4.95918369
-2.95918369 0.79999995 -0.99999994 -4.95918322
-2.95918369 0.89999998 -0.99999958 -4.95918083
-2.95918369 0.99999988 -0.99999815 -4.95917082
-2.95918369 1.10000002 -0.99999374 -4.95914030
-2.95918369 1.20000005 -0.99998128 -4.95905352
-2.95918369 1.29999995 -0.99995458 -4.95886803
-2.95918369 1.39999998 -0.99990082 -4.95849371
-2.95918369 1.49999988 -0.99981290 -4.95788288
-2.95918369 1.60000002 -0.99966371 -4.95684576
-2.95918369 1.70000005 -0.99943995 -4.95529270
-2.95918369 1.79999995 -0.99911183 -4.95301723
-2.95918369 1.89999986 -0.99865621 -4.94986105
-2.95918369 2.00000000 -0.99806148 -4.94574833
-2.95918369 2.09999990 -0.99727321 -4.94030523
-2.95918369 2.20000005 -0.99629235 -4.93354750
-2.95918369 2.29999995 -0.99508220 -4.92523098
-2.95918369 2.39999986 -0.99363703 -4.91531944
-2.95918369 2.49999976 -0.99189931 -4.90343761
-2.95918369 2.59999990 -0.98987001 -4.88960934
-2.95918369 2.70000005 -0.98754132 -4.87379837
-2.95918369 2.79999995 -0.98489463 -4.85589075
-2.95918369 2.89999986 -0.98190153 -4.83570719
-2.95918369 2.99999976 -0.97856247 -4.81329966
-2.95918369 3.09999990 -0.97482765 -4.78833723
-2.95918369 3.20000005 -0.97078502 -4.76145029
-2.95918369 3.29999995 -0.96629912 -4.73177481
-2.95918369 3.40000010 -0.96151549 -4.70029354
-2.95918369 3.50000000 -0.95626187 -4.66588831
-2.95918369 3.59999990 -0.95071989 -4.62977695
-2.95918369 3.69999957 -0.94473410 -4.59100866
-2.95918369 3.79999995 -0.93844295 -4.55051470
-2.95918369 3.90000010 -0.93177056 -4.50779486
-2.95918369 4.00000000 -0.92476541 -4.46320009
-2.95918369 4.09999990 -0.91735965 -4.41642284
-2.75510216 0.10000000 -1.00000000 -4.75510216
-2.75510216 0.20000000 -1.00000000 -4.75510216
-2.75510216 0.30000001 -1.00000000 -4.75510216
-2.75510216 0.39999998 -1.00000000 -4.75510216
-2.75510216 0.50000000 -1.00000000 -4.75510216
-2.75510216 0.60000002 -1.00000000 -4.75510216
-2.75510216 0.69999993 -1.00000000 -4.75510216
-2.75510216 0.79999995 -0.99999994 -4.75510168
-2.75510216 0.89999998 -0.99999940 -4.75509834
-2.75510216 0.99999988 -0.99999720 -4.75508308
-2.75510216 1.10000002 -0.99999088 -4.75504065
-2.75510216 1.20000005 -0.99997371 -4.75492477
-2.75510216 1.29999995 -0.99993771 -4.75468159
-2.75510216 1.39999998 -0.99987090 -4.75423098
-2.75510216 1.49999988 -0.99975467 -4.75344658
-2.75510216 1.60000002 -0.99956620 -4.75217676
-2.75510216 1.70000005 -0.99927938 -4.75024462
-2.75510216 1.79999995 -0.99887872 -4.74755096
-2.75510216 1.89999986 -0.99832940 -4.74386311
-2.75510216 2.00000000 -0.99760520 -4.73900795
-2.75510216 2.09999990 -0.99666870 -4.73274374
-2.75510216 2.20000005 -0.99550790 -4.72500229
-2.75510216 2.29999995 -0.99408203 -4.71551466
-2.75510216 2.39999986 -0.99238145 -4.70423460
-2.75510216 2.49999976 -0.99036521 -4.69090652
-2.75510216 2.59999990 -0.98802167 -4.67547894
-2.75510216 2.70000005 -0.98531044 -4.65768671
-2.75510216 2.79999995 -0.98227829 -4.63788271
-2.75510216 2.89999986 -0.97886086 -4.61566162
-2.75510216 2.99999976 -0.97503108 -4.59088230
-2.75510216 3.09999990 -0.97080439 -4.56367445
-2.75510216 3.20000005 -0.96617454 -4.53402710
-2.75510216 3.29999995 -0.96114641 -4.50202322
-2.75510216 3.40000010 -0.95567667 -4.46740294
-2.75510216 3.50000000 -0.94986850 -4.43084717
-2.75510216 3.59999990 -0.94354200 -4.39132357
-2.75510216 3.69999957 -0.93687004 -4.34984398
-2.75510216 3.79999995 -0.92989254 -4.30676889
-2.75510216 3.90000010 -0.92240936 -4.26089001
-2.75510216 4.00000000 -0.91458440 -4.21326637
-2.75510216 4.09999990 -0.90641695 -4.16388655
-2.55102038 0.10000000 -1.00000000 -4.55102062
-2.55102038 0.20000000 -1.00000000 -4.55102062
-2.55102038 0.30000001 -1.00000000 -4.55102062
-2.55102038 0.39999998 -1.00000000 -4.55102062
-2.55102038 0.50000000 -1.00000000 -4.55102062
-2.55102038 0.60000002 -1.00000000 -4.55102062
-2.55102038 0.69999993 -1.00000000 -4.55102062
-2.55102038 0.79999995 -0.99999982 -4.55101967
-2.55102038 0.89999998 -0.99999917 -4.55101538
-2.55102038 0.99999988 -0.99999589 -4.55099344
-2.55102038 1.10000002 -0.99998707 -4.55093575
-2.55102038 1.20000005 -0.99996299 -4.55077791
-2.55102038 1.29999995 -0.99991590 -4.55046988
-2.55102038 1.39999998 -0.99982685 -4.54988718
-2.55102038 1.49999988 -0.99967402 -4.54888821
-2.55102038 1.60000002 -0.99944001 -4.54735994
-2.55102038 1.70000005 -0.99908119 -4.54501867
-2.55102038 1.79999995 -0.99858832 -4.54180861
-2.55102038 1.89999986 -0.99791789 -4.53745127
-2.55102038 2.00000000 -0.99703783 -4.53173923
-2.55102038 2.09999990 -0.99591815 -4.52450037
-2.55102038 2.20000005 -0.99454224 -4.51562405
-2.55102038 2.29999995 -0.99285430 -4.50477552
-2.55102038 2.39999986 -0.99086386 -4.49202204
-2.55102038 2.49999976 -0.98851287 -4.47702599
-2.55102038 2.59999990 -0.98579633 -4.45976210
-2.55102038 2.70000005 -0.98265821 -4.43993282
-2.55102038 2.79999995 -0.97918975 -4.41811514
-2.55102038 2.89999986 -0.97520947 -4.39319038
-2.55102038 2.99999976 -0.97078598 -4.36568975
-2.55102038 3.09999990 -0.96596247 -4.33584785
-2.55102038 3.20000005 -0.96073127 -4.30368423
-2.55102038 3.29999995 -0.95500320 -4.26867342
-2.55102038 3.40000010 -0.94890028 -4.23165798
-2.55102038 3.50000000 -0.94221520 -4.19136858
-2.55102038 3.59999990 -0.93521363 -4.14947557
-2.55102038 3.69999957 -0.92770237 -4.10484123
-2.55102038 3.79999995 -0.91982901 -4.05845690
-2.55102038 3.90000010 -0.91150445 -4.00972176
-2.55102038 4.00000000 -0.90282124 -3.95928764
-2.55102038 4.09999990 -0.89373541 -3.90688944
-2.34693885 0.10000000 -1.00000000 -4.34693909
-2.34693885 0.20000000 -1.00000000 -4.34693909
-2.34693885 0.30000001 -1.00000000 -4.34693909
-2.34693885 0.39999998 -1.00000000 -4.34693909
-2.34693885 0.50000000 -1.00000000 -4.34693909
-2.34693885 0.60000002 -1.00000000 -4.34693909
-2.34693885 0.69999993 -1.00000000 -4.34693909
-2.34693885 0.79999995 -0.99999976 -4.34693766
-2.34693885 0.89999998 -0.99999863 -4.34693050
-2.34693885 0.99999988 -0.99999356 -4.34689808
-2.34693885 1.10000002 -0.99998021 -4.34681320
-2.34693885 1.20000005 -0.99994880 -4.34661436
-2.34693885 1.29999995 -0.99988425 -4.34620523
-2.34693885 1.39999998 -0.99976760 -4.34546518
-2.34693885 1.49999988 -0.99957120 -4.34422302
-2.34693885 1.60000002 -0.99927175 -4.34232903
-2.34693885 1.70000005 -0.99883193 -4.33955288
-2.34693885 1.79999995 -0.99822110 -4.33570480
-2.34693885 1.89999986 -0.99740124 -4.33055162
-2.34693885 2.00000000 -0.99634397 -4.32392931
-2.34693885 2.09999990 -0.99499559 -4.31550550
-2.34693885 2.20000005 -0.99334008 -4.30519772
-2.34693885 2.29999995 -0.99135661 -4.29290295
-2.34693885 2.39999986 -0.98899895 -4.27835131
-2.34693885 2.49999976 -0.98622674 -4.26131439
-2.34693885 2.59999990 -0.98306859 -4.24199820
-2.34693885 2.70000005 -0.97946215 -4.22007322
-2.34693885 2.79999995 -0.97539860 -4.19552660
-2.34693885 2.89999986 -0.97081751 -4.16800451
-2.34693885 2.99999976 -0.96581030 -4.13811827
-2.34693885 3.09999990 -0.96028274 -4.10535479
-2.34693885 3.20000005 -0.95427477 -4.06999874
-2.34693885 3.29999995 -0.94776011 -4.03194475
-2.34693885 3.40000010 -0.94078666 -3.99152565
-2.34693885 3.50000000 -0.93328744 -3.94841170
-2.34693885 3.59999990 -0.92528862 -3.90272355
-2.34693885 3.69999957 -0.91688246 -3.85516191
-2.34693885 3.79999995 -0.90802574 -3.80543900
-2.34693885 3.90000010 -0.89865720 -3.75326920
-2.34693885 4.00000000 -0.88900596 -3.70005250
-2.34693885 4.09999990 -0.87879443 -3.64427948
-2.14285707 0.10000000 -1.00000000 -4.14285707
-2.14285707 0.20000000 -1.00000000 -4.14285707
-2.14285707 0.30000001 -1.00000000 -4.14285707
-2.14285707 0.39999998 -1.00000000 -4.14285707
-2.14285707 0.50000000 -1.00000000 -4.14285707
-2.14285707 0.60000002 -1.00000000 -4.14285707
-2.14285707 0.69999993 -1.00000000 -4.14285707
-2.14285707 0.79999995 -0.99999952 -4.14285421
-2.14285707 0.89999998 -0.99999779 -4.14284325
-2.14285707 0.99999988 -0.99999100 -4.14280176
-2.14285707 1.10000002 -0.99997181 -4.14268398
-2.14285707 1.20000005 -0.99992907 -4.14242172
-2.14285707 1.29999995 -0.99984092 -4.14188099
-2.14285707 1.39999998 -0.99968809 -4.14094448
-2.14285707 1.49999988 -0.99943656 -4.13940477
-2.14285707 1.60000002 -0.99905014 -4.13704300
-2.14285707 1.70000005 -0.99850953 -4.13374758
-2.14285707 1.79999995 -0.99774927 -4.12912226
-2.14285707 1.89999986 -0.99674898 -4.12305498
-2.14285707 2.00000000 -0.99546295 -4.11528301
-2.14285707 2.09999990 -0.99384117 -4.10551500
-2.14285707 2.20000005 -0.99188334 -4.09378242
-2.14285707 2.29999995 -0.98949993 -4.07955313
-2.14285707 2.39999986 -0.98673123 -4.06312609
-2.14285707 2.49999976 -0.98348415 -4.04396296
-2.14285707 2.59999990 -0.97980565 -4.02237940
-2.14285707 2.70000005 -0.97556418 -3.99767852
-2.14285707 2.79999995 -0.97085595 -3.97039795
-2.14285707 2.89999986 -0.96561623 -3.94027543
-2.14285707 2.99999976 -0.95978683 -3.90704799
-2.14285707 3.09999990 -0.95341241 -3.87097263
-2.14285707 3.20000005 -0.94654018 -3.83238649
-2.14285707 3.29999995 -0.93904680 -3.79067397
-2.14285707 3.40000010 -0.93109560 -3.74680996
-2.14285707 3.50000000 -0.92249334 -3.69979763
-2.14285707 3.59999990 -0.91350329 -3.65110445
-2.14285707 3.69999957 -0.90391368 -3.59964943
-2.14285707 3.79999995 -0.89386159 -3.54618073
-2.14285707 3.90000010 -0.88339186 -3.49106932
-2.14285707 4.00000000 -0.87248635 -3.43419313
-2.14285707 4.09999990 -0.86120182 -3.37603235
-1.93877554 0.10000000 -1.00000000 -3.93877554
-1.93877554 0.20000000 -1.00000000 -3.93877554
-1.93877554 0.30000001 -1.00000000 -3.93877554
-1.93877554 0.39999998 -1.00000000 -3.93877554
-1.93877554 0.50000000 -1.00000000 -3.93877554
-1.93877554 0.60000002 -1.00000000 -3.93877554
-1.93877554 0.69999993 -0.99999994 -3.93877506
-1.93877554 0.79999995 -0.99999917 -3.93877053
-1.93877554 0.89999998 -0.99999624 -3.93875313
-1.93877554 0.99999988 -0.99998593 -3.93869209
-1.93877554 1.10000002 -0.99995935 -3.93853450
-1.93877554 1.20000005 -0.99989980 -3.93818116
-1.93877554 1.29999995 -0.99978703 -3.93751287
-1.93877554 1.39999998 -0.99958271 -3.93630362
-1.93877554 1.49999988 -0.99925661 -3.93437672
-1.93877554 1.60000002 -0.99877292 -3.93152428
-1.93877554 1.70000005 -0.99808180 -3.92746091
-1.93877554 1.79999995 -0.99715126 -3.92200494
-1.93877554 1.89999986 -0.99592304 -3.91482782
-1.93877554 2.00000000 -0.99436355 -3.90575361
-1.93877554 2.09999990 -0.99242228 -3.89451671
-1.93877554 2.20000005 -0.99008000 -3.88101959
-1.93877554 2.29999995 -0.98727000 -3.86492896
-1.93877554 2.39999986 -0.98397183 -3.84615326
-1.93877554 2.49999976 -0.98015219 -3.82456350
-1.93877554 2.59999990 -0.97578079 -3.80002069
-1.93877554 2.70000005 -0.97080386 -3.77230382
-1.93877554 2.79999995 -0.96529371 -3.74186778
-1.93877554 2.89999986 -0.95919240 -3.70842409
-1.93877554 2.99999976 -0.95242161 -3.67164826
-1.93877554 3.09999990 -0.94506389 -3.63208485
-1.93877554 3.20000005 -0.93706077 -3.58944011
-1.93877554 3.29999995 -0.92850977 -3.54430103
-1.93877554 3.40000010 -0.91931200 -3.49632788
-1.93877554 3.50000000 -0.90952820 -3.44569874
-1.93877554 3.59999990 -0.89915115 -3.39264274
-1.93877554 3.69999957 -0.88831967 -3.33782697
-1.93877554 3.79999995 -0.87690145 -3.28065205
-1.93877554 3.90000010 -0.86505085 -3.22201729
-1.93877554 4.00000000 -0.85273045 -3.16169167
-1.93877554 4.09999990 -0.84012544 -3.10065150
-1.73469388 0.10000000 -1.00000000 -3.73469400
-1.73469388 0.20000000 -1.00000000 -3.73469400
-1.73469388 0.30000001 -1.00000000 -3.73469400
-1.73469388 0.39999998 -1.00000000 -3.73469400
-1.73469388 0.50000000 -1.00000000 -3.73469400
-1.73469388 0.60000002 -1.00000000 -3.73469400
-1.73469388 0.69999993 -0.99999982 -3.73469305
-1.73469388 0.79999995 -0.99999875 -3.73468661
-1.73469388 0.89999998 -0.99999392 -3.73465896
-1.73469388 0.99999988 -0.99997878 -3.73457193
-1.73469388 1.10000002 -0.99993962 -3.73434806
-1.73469388 1.20000005 -0.99985993 -3.73389173
-1.73469388 1.29999995 -0.99970233 -3.73299098
-1.73469388 1.39999998 -0.99943602 -3.73147082
-1.73469388 1.49999988 -0.99901867 -3.72909236
-1.73469388 1.60000002 -0.99840689 -3.72561812
-1.73469388 1.70000005 -0.99754435 -3.72073436
-1.73469388 1.79999995 -0.99638629 -3.71420765
-1.73469388 1.89999986 -0.99488091 -3.70576000
-1.73469388 2.00000000 -0.99297416 -3.69510531
-1.73469388 2.09999990 -0.99061078 -3.68197823
-1.73469388 2.20000005 -0.98777413 -3.66633201
-1.73469388 2.29999995 -0.98443228 -3.64801574
-1.73469388 2.39999986 -0.98050386 -3.62666178
-1.73469388 2.49999976 -0.97594202 -3.60204816
-1.73469388 2.59999990 -0.97078168 -3.57443285
-1.73469388 2.70000005 -0.96493107 -3.54344630
-1.73469388 2.79999995 -0.95848477 -3.50957942
-1.73469388 2.89999986 -0.95126700 -3.47209811
-1.73469388 2.99999976 -0.94336039 -3.43141413
-1.73469388 3.09999990 -0.93479884 -3.38787174
-1.73469388 3.20000005 -0.92551470 -3.34116578
-1.73469388 3.29999995 -0.91552085 -3.29147005
-1.73469388 3.40000010 -0.90486312 -3.23914409
-1.73469388 3.50000000 -0.89353740 -3.18414688
-1.73469388 3.59999990 -0.88167059 -3.12718892
-1.73469388 3.69999957 -0.86926258 -3.06848907
-1.73469388 3.79999995 -0.85627550 -3.00761747
-1.73469388 3.90000010 -0.84287703 -2.94573665
-1.73469388 4.00000000 -0.82896900 -2.88222599
-1.73469388 4.09999990 -0.81469202 -2.81797338
-1.53061223 0.10000000 -1.00000000 -3.53061223
-1.53061223 0.20000000 -1.00000000 -3.53061223
-1.53061223 0.30000001 -1.00000000 -3.53061223
-1.53061223 0.39999998 -1.00000000 -3.53061223
-1.53061223 0.50000000 -1.00000000 -3.53061223
-1.53061223 0.60000002 -1.00000000 -3.53061199
-1.53061223 0.69999993 -0.99999970 -3.53061080
-1.53061223 0.79999995 -0.99999809 -3.53060174
-1.53061223 0.89999998 -0.99999112 -3.53056312
-1.53061223 0.99999988 -0.99996811 -3.53043580
-1.53061223 1.10000002 -0.99991292 -3.53013110
-1.53061223 1.20000005 -0.99979776 -3.52949619
-1.53061223 1.29999995 -0.99959093 -3.52835727
-1.53061223 1.39999998 -0.99923623 -3.52640772
-1.53061223 1.49999988 -0.99870414 -3.52349305
-1.53061223 1.60000002 -0.99791312 -3.51917505
-1.53061223 1.70000005 -0.99682873 -3.51327634
-1.53061223 1.79999995 -0.99540371 -3.50556970
-1.53061223 1.89999986 -0.99352974 -3.49549365
-1.53061223 2.00000000 -0.99121797 -3.48312616
-1.53061223 2.09999990 -0.98835599 -3.46793675
-1.53061223 2.20000005 -0.98491776 -3.44983864
-1.53061223 2.29999995 -0.98084629 -3.42856598
-1.53061223 2.39999986 -0.97613126 -3.40416527
-1.53061223 2.49999976 -0.97070253 -3.37637615
-1.53061223 2.59999990 -0.96458101 -3.34529829
-1.53061223 2.70000005 -0.95759517 -3.31027174
-1.53061223 2.79999995 -0.94990176 -3.27210999
-1.53061223 2.89999986 -0.94139439 -3.23043990
-1.53061223 2.99999976 -0.93205494 -3.18522596
-1.53061223 3.09999990 -0.92200565 -3.13727283
-1.53061223 3.20000005 -0.91108346 -3.08573890
-1.53061223 3.29999995 -0.89940000 -3.03142691
-1.53061223 3.40000010 -0.88692349 -2.97424984
-1.53061223 3.50000000 -0.87381786 -2.91496730
-1.53061223 3.59999990 -0.85996574 -2.85319924
-1.53061223 3.69999957 -0.84567595 -2.79040694
-1.53061223 3.79999995 -0.83074480 -2.72569108
-1.53061223 3.90000010 -0.81530720 -2.65971184
-1.53061223 4.00000000 -0.79960889 -2.59363294
-1.53061223 4.09999990 -0.78345942 -2.52657485
-1.32653058 0.10000000 -1.00000000 -3.32653046
-1.32653058 0.20000000 -1.00000000 -3.32653046
-1.32653058 0.30000001 -1.00000000 -3.32653046
-1.32653058 0.39999998 -1.00000000 -3.32653046
-1.32653058 0.50000000 -1.00000000 -3.32653046
-1.32653058 0.60000002 -1.00000000 -3.32653022
-1.32653058 0.69999993 -0.99999946 -3.32652760
-1.32653058 0.79999995 -0.99999690 -3.32651401
-1.32653058 0.89999998 -0.99998569 -3.32645440
-1.32653058 0.99999988 -0.99995124 -3.32627130
-1.32653058 1.10000002 -0.99987411 -3.32586122
-1.32653058 1.20000005 -0.99971759 -3.32503057
-1.32653058 1.29999995 -0.99943417 -3.32352996
-1.32653058 1.39999998 -0.99897683 -3.32111645
-1.32653058 1.49999988 -0.99827999 -3.31745362
-1.32653058 1.60000002 -0.99727875 -3.31221080
-1.32653058 1.70000005 -0.99591559 -3.30511427
-1.32653058 1.79999995 -0.99410659 -3.29575300
-1.32653058 1.89999986 -0.99180710 -3.28394437
-1.32653058 2.00000000 -0.98893219 -3.26929259
-1.32653058 2.09999990 -0.98542815 -3.25158644
-1.32653058 2.20000005 -0.98123735 -3.23062158
-1.32653058 2.29999995 -0.97628474 -3.20610857
-1.32653058 2.39999986 -0.97060180 -3.17827153
-1.32653058 2.49999976 -0.96401036 -3.14637446
-1.32653058 2.59999990 -0.95652753 -3.11065245
-1.32653058 2.70000005 -0.94821328 -3.07145882
-1.32653058 2.79999995 -0.93896598 -3.02845454
-1.32653058 2.89999986 -0.92877859 -2.98177528
-1.32653058 2.99999976 -0.91767442 -2.93164992
-1.32653058 3.09999990 -0.90559083 -2.87803793
-1.32653058 3.20000005 -0.89260101 -2.82116342
-1.32653058 3.29999995 -0.87863910 -2.76106048
-1.32653058 3.40000010 -0.86406022 -2.69934273
-1.32653058 3.50000000 -0.84855419 -2.63476205
-1.32653058 3.59999990 -0.83255023 -2.56922030
-1.32653058 3.69999957 -0.81561542 -2.50091767
-1.32653058 3.79999995 -0.79854488 -2.43327975
-1.32653058 3.90000010 -0.78062505 -2.36339164
-1.32653058 4.00000000 -0.76260358 -2.29427624
-1.32653058 4.09999990 -0.74457145 -2.22615862
-1.12244892 0.10000000 -1.00000000 -3.12244892
-1.12244892 0.20000000 -1.00000000 -3.12244892
-1.12244892 0.30000001 -1.00000000 -3.12244892
-1.12244892 0.39999998 -1.00000000 -3.12244892
-1.12244892 0.50000000 -1.00000000 -3.12244892
-1.12244892 0.60000002 -0.99999988 -3.12244844
-1.12244892 0.69999993 -0.99999905 -3.12244391
-1.12244892 0.79999995 -0.99999464 -3.12242150
-1.12244892 0.89999998 -0.99997747 -3.12233353
-1.12244892 0.99999988 -0.99992824 -3.12208176
-1.12244892 1.10000002 -0.99981833 -3.12152052
-1.12244892 1.20000005 -0.99959737 -3.12039590
-1.12244892 1.29999995 -0.99921894 -3.11847401
-1.12244892 1.39999998 -0.99861163 -3.11540365
-1.12244892 1.49999988 -0.99771267 -3.11088037
-1.12244892 1.60000002 -0.99642074 -3.10441923
-1.12244892 1.70000005 -0.99470323 -3.09587789
-1.12244892 1.79999995 -0.99241185 -3.08459949
-1.12244892 1.89999986 -0.98954326 -3.07058311
-1.12244892 2.00000000 -0.98596096 -3.05326009
-1.12244892 2.09999990 -0.98159802 -3.03239965
-1.12244892 2.20000005 -0.97645545 -3.00810337
-1.12244892 2.29999995 -0.97037584 -2.97975540
-1.12244892 2.39999986 -0.96336639 -2.94752479
-1.12244892 2.49999976 -0.95532185 -2.91110134
-1.12244892 2.59999990 -0.94620079 -2.87038612
-1.12244892 2.70000005 -0.93598539 -2.82558823
-1.12244892 2.79999995 -0.92469072 -2.77684283
-1.12244892 2.89999986 -0.91216624 -2.72383976
-1.12244892 2.99999976 -0.89859235 -2.66734505
-1.12244892 3.09999990 -0.88400829 -2.60786915
-1.12244892 3.20000005 -0.86829442 -2.54493427
-1.12244892 3.29999995 -0.85151744 -2.47902155
-1.12244892 3.40000010 -0.83398533 -2.41154337
-1.12244892 3.50000000 -0.81564635 -2.34213209
-1.12244892 3.59999990 -0.79631037 -2.27053833
-1.12244892 3.69999957 -0.77685863 -2.19998837
-1.12244892 3.79999995 -0.75657386 -2.12761664
-1.12244892 3.90000010 -0.73618013 -2.05621123
-1.12244892 4.00000000 -0.71570086 -1.98584223
-1.12244892 4.09999990 -0.69524026 -1.91685271
-0.91836733 0.10000000 -1.00000000 -2.91836739
-0.91836733 0.20000000 -1.00000000 -2.91836739
-0.91836733 0.30000001 -1.00000000 -2.91836739
-0.91836733 0.39999998 -1.00000000 -2.91836739
-0.91836733 0.50000000 -1.00000000 -2.91836739
-0.91836733 0.60000002 -0.99999988 -2.91836691
-0.91836733 0.69999993 -0.99999839 -2.91835952
-0.91836733 0.79999995 -0.99999118 -2.91832399
-0.91836733 0.89999998 -0.99996436 -2.91819215
-0.91836733 0.99999988 -0.99989128 -2.91783381
-0.91836733 1.10000002 -0.99973428 -2.91706586
-0.91836733 1.20000005 -0.99943149 -2.91558981
-0.91836733 1.29999995 -0.99891543 -2.91308284
-0.91836733 1.39999998 -0.99811542 -2.90921760
-0.91836733 1.49999988 -0.99693501 -2.90355444
-0.91836733 1.60000002 -0.99528402 -2.89569354
-0.91836733 1.70000005 -0.99305576 -2.88518739
-0.91836733 1.79999995 -0.99018037 -2.87175918
-0.91836733 1.89999986 -0.98653162 -2.85491538
-0.91836733 2.00000000 -0.98204243 -2.83445835
-0.91836733 2.09999990 -0.97662282 -2.81010294
-0.91836733 2.20000005 -0.97011465 -2.78132486
-0.91836733 2.29999995 -0.96252292 -2.74827862
-0.91836733 2.39999986 -0.95372623 -2.71068692
-0.91836733 2.49999976 -0.94355273 -2.66802263
-0.91836733 2.59999990 -0.93225300 -2.62154818
-0.91836733 2.70000005 -0.91946298 -2.57002330
-0.91836733 2.79999995 -0.90526450 -2.51407051
-0.91836733 2.89999986 -0.88958955 -2.45365906
-0.91836733 2.99999976 -0.87275094 -2.39031792
-0.91836733 3.09999990 -0.85449189 -2.32308412
-0.91836733 3.20000005 -0.83492130 -2.25275898
-0.91836733 3.29999995 -0.81443024 -2.18085933
-0.91836733 3.40000010 -0.79287368 -2.10704517
-0.91836733 3.50000000 -0.77058923 -2.03239965
-0.91836733 3.59999990 -0.74781018 -1.95776534
-0.91836733 3.69999957 -0.72452170 -1.88315082
-0.91836733 3.79999995 -0.70092577 -1.80938864
-0.91836733 3.90000010 -0.67743194 -1.73734868
-0.91836733 4.00000000 -0.65412611 -1.66717577
-0.91836733 4.09999990 -0.63117248 -1.59954941
-0.71428573 0.10000000 -1.00000000 -2.71428585
-0.71428573 0.20000000 -1.00000000 -2.71428585
-0.71428573 0.30000001 -1.00000000 -2.71428585
-0.71428573 0.39999998 -1.00000000 -2.71428585
-0.71428573 0.50000000 -1.00000000 -2.71428585
-0.71428573 0.60000002 -0.99999964 -2.71428442
-0.71428573 0.69999993 -0.99999732 -2.71427321
-0.71428573 0.79999995 -0.99998486 -2.71421432
-0.71428573 0.89999998 -0.99994397 -2.71402216
-0.71428573 0.99999988 -0.99983525 -2.71351218
-0.71428573 1.10000002 -0.99961114 -2.71246457
-0.71428573 1.20000005 -0.99919087 -2.71050787
-0.71428573 1.29999995 -0.99849284 -2.70727444
-0.71428573 1.39999998 -0.99742121 -2.70235586
-0.71428573 1.49999988 -0.99586755 -2.69527912
-0.71428573 1.60000002 -0.99369544 -2.68549037
-0.71428573 1.70000005 -0.99083042 -2.67273521
-0.71428573 1.79999995 -0.98711723 -2.65641594
-0.71428573 1.89999986 -0.98248845 -2.63638568
-0.71428573 2.00000000 -0.97664809 -2.61153984
-0.71428573 2.09999990 -0.96968335 -2.58245254
-0.71428573 2.20000005 -0.96137702 -2.54846764
-0.71428573 2.29999995 -0.95152497 -2.50902367
-0.71428573 2.39999986 -0.94020146 -2.46474361
-0.71428573 2.49999976 -0.92720145 -2.41513729
-0.71428573 2.59999990 -0.91226006 -2.35969067
-0.71428573 2.70000005 -0.89573252 -2.29992986
-0.71428573 2.79999995 -0.87727070 -2.23503947
-0.71428573 2.89999986 -0.85697132 -2.16573381
-0.71428573 2.99999976 -0.83503622 -2.09298134
-0.71428573 3.09999990 -0.81152141 -2.01729274
-0.71428573 3.20000005 -0.78661835 -1.93954790
-0.71428573 3.29999995 -0.76066840 -1.86086786
-0.71428573 3.40000010 -0.73375160 -1.78125775
-0.71428573 3.50000000 -0.70637351 -1.70289779
-0.71428573 3.59999990 -0.67868251 -1.62531805
-0.71428573 3.69999957 -0.65115100 -1.55032933
-0.71428573 3.79999995 -0.62392724 -1.47798049
-0.71428573 3.90000010 -0.59738249 -1.40873253
-0.71428573 4.00000000 -0.57138717 -1.34272742
-0.71428573 4.09999990 -0.54627299 -1.27989817
-0.51020408 0.10000000 -1.00000000 -2.51020408
-0.51020408 0.20000000 -1.00000000 -2.51020408
-0.51020408 0.30000001 -1.00000000 -2.51020408
-0.51020408 0.39999998 -1.00000000 -2.51020408
-0.51020408 0.50000000 -0.99999994 -2.51020384
-0.51020408 0.60000002 -0.99999946 -2.51020169
-0.51020408 0.69999993 -0.99999493 -2.51018143
-0.51020408 0.79999995 -0.99997354 -2.51008487
-0.51020408 0.89999998 -0.99991161 -2.50980663
-0.51020408 0.99999988 -0.99975115 -2.50908923
-0.51020408 1.10000002 -0.99942762 -2.50764680
-0.51020408 1.20000005 -0.99884081 -2.50504971
-0.51020408 1.29999995 -0.99788553 -2.50085807
-0.51020408 1.39999998 -0.99644208 -2.49457669
-0.51020408 1.49999988 -0.99436247 -2.48565364
-0.51020408 1.60000002 -0.99148679 -2.47348690
-0.51020408 1.70000005 -0.98770535 -2.45773101
-0.51020408 1.79999995 -0.98282862 -2.43780112
-0.51020408 1.89999986 -0.97659087 -2.41283536
-0.51020408 2.00000000 -0.96899468 -2.38312745
-0.51020408 2.09999990 -0.95976216 -2.34793162
-0.51020408 2.20000005 -0.94859606 -2.30654120
-0.51020408 2.29999995 -0.93536466 -2.25895309
-0.51020408 2.39999986 -0.91988021 -2.20506620
-0.51020408 2.49999976 -0.90200526 -2.14493537
-0.51020408 2.59999990 -0.88153911 -2.07871914
-0.51020408 2.70000005 -0.85858268 -2.00698042
-0.51020408 2.79999995 -0.83296597 -1.93007803
-0.51020408 2.89999986 -0.80509055 -1.84961617
-0.51020408 2.99999976 -0.77504319 -1.76601017
-0.51020408 3.09999990 -0.74270558 -1.67983305
-0.51020408 3.20000005 -0.70963043 -1.59478509
-0.51020408 3.29999995 -0.67581773 -1.51081669
-0.51020408 3.40000010 -0.64170021 -1.42890346
-0.51020408 3.50000000 -0.60784191 -1.35001421
-0.51020408 3.59999990 -0.57532978 -1.27634680
-0.51020408 3.69999957 -0.54362690 -1.20655465
-0.51020408 3.79999995 -0.51353723 -1.14190924
-0.51020408 3.90000010 -0.48517734 -1.08176875
-0.51020408 4.00000000 -0.45810175 -1.02588880
-0.51020408 4.09999990 -0.43350527 -0.97547734
-0.30612245 0.10000000 -1.00000000 -2.30612254
-0.30612245 0.20000000 -1.00000000 -2.30612254
-0.30612245 0.30000001 -1.00000000 -2.30612254
-0.30612245 0.39999998 -1.00000000 -2.30612254
-0.30612245 0.50000000 -0.99999994 -2.30612230
-0.30612245 0.60000002 -0.99999881 -2.30611730
-0.30612245 0.69999993 -0.99999100 -2.30608392
-0.30612245 0.79999995 -0.99995708 -2.30593801
-0.30612245 0.89999998 -0.99985629 -2.30550694
-0.30612245 0.99999988 -0.99962157 -2.30450726
-0.30612245 1.10000002 -0.99915421 -2.30253458
-0.30612245 1.20000005 -0.99833208 -2.29909253
-0.30612245 1.29999995 -0.99700665 -2.29361272
-0.30612245 1.39999998 -0.99503064 -2.28556561
-0.30612245 1.49999988 -0.99219716 -2.27420521
-0.30612245 1.60000002 -0.98830932 -2.25893497
-0.30612245 1.70000005 -0.98312330 -2.23903656
-0.30612245 1.79999995 -0.97645080 -2.21411395
-0.30612245 1.89999986 -0.96785045 -2.18298483
-0.30612245 2.00000000 -0.95722497 -2.14579391
-0.30612245 2.09999990 -0.94398749 -2.10129523
-0.30612245 2.20000005 -0.92781222 -2.04905319
-0.30612245 2.29999995 -0.90820181 -1.98886073
-0.30612245 2.39999986 -0.88497829 -1.92090321
-0.30612245 2.49999976 -0.85733235 -1.84437931
-0.30612245 2.59999990 -0.82508475 -1.76017666
-0.30612245 2.70000005 -0.78880465 -1.67060435
-0.30612245 2.79999995 -0.74841952 -1.57653260
-0.30612245 2.89999986 -0.70469153 -1.48056161
-0.30612245 2.99999976 -0.65927136 -1.38574839
-0.30612245 3.09999990 -0.61287957 -1.29364789
-0.30612245 3.20000005 -0.56757587 -1.20741928
-0.30612245 3.29999995 -0.52414519 -1.12757099
-0.30612245 3.40000010 -0.48308328 -1.05462837
-0.30612245 3.50000000 -0.44571611 -0.98940426
-0.30612245 3.59999990 -0.41109926 -0.93023163
-0.30612245 3.69999957 -0.38002768 -0.87760001
-0.30612245 3.79999995 -0.35203958 -0.83064914
-0.30612245 3.90000010 -0.32724306 -0.78911155
-0.30612245 4.00000000 -0.30457169 -0.75130838
-0.30612245 4.09999990 -0.28433162 -0.71712369
-0.10204082 0.10000000 -1.00000000 -2.10204077
-0.10204082 0.20000000 -1.00000000 -2.10204077
-0.10204082 0.30000001 -1.00000000 -2.10204077
-0.10204082 0.39999998 -1.00000000 -2.10204077
-0.10204082 0.50000000 -0.99999988 -2.10204029
-0.10204082 0.60000002 -0.99999762 -2.10203099
-0.10204082 0.69999993 -0.99998349 -2.10197330
-0.10204082 0.79999995 -0.99992847 -2.10174870
-0.10204082 0.89999998 -0.99977231 -2.10111499
-0.10204082 0.99999988 -0.99941921 -2.09969568
-0.10204082 1.10000002 -0.99873573 -2.09697342
-0.10204082 1.20000005 -0.99755156 -2.09232903
-0.10204082 1.29999995 -0.99569821 -2.08518434
-0.10204082 1.39999998 -0.99290115 -2.07463193
-0.10204082 1.49999988 -0.98887014 -2.05983591
-0.10204082 1.60000002 -0.98334998 -2.04014468
-0.10204082 1.70000005 -0.97584814 -2.01445961
-0.10204082 1.79999995 -0.96586478 -1.98179340
-0.10204082 1.89999986 -0.95270330 -1.94089878
-0.10204082 2.00000000 -0.93537027 -1.89044762
-0.10204082 2.09999990 -0.91269815 -1.82913971
-0.10204082 2.20000005 -0.88281095 -1.75558317
-0.10204082 2.29999995 -0.84386861 -1.66852427
-0.10204082 2.39999986 -0.79197234 -1.56621289
-0.10204082 2.49999976 -0.72782969 -1.45347953
-0.10204082 2.59999990 -0.65042007 -1.33334696
-0.10204082 2.70000005 -0.56481802 -1.21462166
-0.10204082 2.79999995 -0.48267692 -1.10842311
-0.10204082 2.89999986 -0.40836841 -1.01636553
-0.10204082 2.99999976 -0.34666806 -0.94072384
-0.10204082 3.09999990 -0.29634666 -0.87725657
-0.10204082 3.20000005 -0.25598001 -0.82470351
-0.10204082 3.29999995 -0.22289367 -0.77938169
-0.10204082 3.40000010 -0.19576965 -0.73995262
-0.10204082 3.50000000 -0.17388745 -0.70561814
-0.10204082 3.59999990 -0.15626666 -0.67543197
-0.10204082 3.69999957 -0.14106803 -0.64844537
-0.10204082 3.79999995 -0.12849641 -0.62371594
-0.10204082 3.90000010 -0.11749975 -0.60129118
-0.10204082 4.00000000 -0.10798994 -0.58071011
-0.10204082 4.09999990 -0.09996231 -0.56187677
0.10204082 0.10000000 1.00000000 -2.10204077
0.10204082 0.20000000 1.00000000 -2.10204077
0.10204082 0.30000001 1.00000000 -2.10204077
0.10204082 0.39999998 1.00000000 -2.10204077
0.10204082 0.50000000 0.99999982 -2.10204005
0.10204082 0.60000002 0.99999774 -2.10203147
0.10204082 0.69999993 0.99998349 -2.10197330
0.10204082 0.79999995 0.99992871 -2.10174990
0.10204082 0.89999998 0.99977106 -2.10111022
0.10204082 0.99999988 0.99941725 -2.09968615
0.10204082 1.10000002 0.99873447 -2.09696984
0.10204082 1.20000005 0.99755913 -2.09236026
0.10204082 1.29999995 0.99568409 -2.08512998
0.10204082 1.39999998 0.99288660 -2.07457089
0.10204082 1.49999988 0.98889089 -2.05989027
0.10204082 1.60000002 0.98334199 -2.04012012
0.10204082 1.70000005 0.97582644 -2.01437688
0.10204082 1.79999995 0.96588492 -1.98179197
0.10204082 1.89999986 0.95264673 -1.94076657
0.10204082 2.00000000 0.93534076 -1.89038670
0.10204082 2.09999990 0.91283357 -1.82956946
0.10204082 2.20000005 0.88300282 -1.75595701
0.10204082 2.29999995 0.84377128 -1.66832793
0.10204082 2.39999986 0.79286265 -1.56755841
0.10204082 2.49999976 0.72765571 -1.45343006
0.10204082 2.59999990 0.65028113 -1.33345950
0.10204082 2.70000005 0.56556427 -1.21525753
0.10204082 2.79999995 0.48274598 -1.10856080
0.10204082 2.89999986 0.40840551 -1.01690960
0.10204082 2.99999976 0.34739843 -0.94114065
0.10204082 3.09999990 0.29601598 -0.87735009
0.10204082 3.20000005 0.25541961 -0.82426482
0.10204082 3.29999995 0.22196411 -0.77871299
0.10204082 3.40000010 0.19586769 -0.73964286
0.10204082 3.50000000 0.17415315 -0.70612848
0.10204082 3.59999990 0.15601663 -0.67538577
0.10204082 3.69999957 0.14086197 -0.64835721
0.10204082 3.79999995 0.12848495 -0.62374133
0.10204082 3.90000010 0.11755498 -0.60155439
0.10204082 4.00000000 0.10816897 -0.58067167
0.10204082 4.09999990 0.10015611 -0.56180131
0.30612245 0.10000000 1.00000000 -2.30612254
0.30612245 0.20000000 1.00000000 -2.30612254
0.30612245 0.30000001 1.00000000 -2.30612254
0.30612245 0.39999998 1.00000000 -2.30612254
0.30612245 0.50000000 0.99999994 -2.30612230
0.30612245 0.60000002 0.99999887 -2.30611753
0.30612245 0.69999993 0.99999094 -2.30608344
0.30612245 0.79999995 0.99995708 -2.30593824
0.30612245 0.89999998 0.99985743 -2.30551243
0.30612245 0.99999988 0.99962026 -2.30450320
0.30612245 1.10000002 0.99915075 -2.30251861
0.30612245 1.20000005 0.99832565 -2.29906631
0.30612245 1.29999995 0.99701339 -2.29363751
0.30612245 1.39999998 0.99502993 -2.28555107
0.30612245 1.49999988 0.99220419 -2.27423191
0.30612245 1.60000002 0.98830175 -2.25888491
0.30612245 1.70000005 0.98311806 -2.23901916
0.30612245 1.79999995 0.97643685 -2.21407700
0.30612245 1.89999986 0.96786749 -2.18303657
0.30612245 2.00000000 0.95720655 -2.14577603
0.30612245 2.09999990 0.94396275 -2.10119057
0.30612245 2.20000005 0.92781651 -2.04910707
0.30612245 2.29999995 0.90829366 -1.98901415
0.30612245 2.39999986 0.88484693 -1.92048872
0.30612245 2.49999976 0.85730606 -1.84428751
0.30612245 2.59999990 0.82532340 -1.76068413
0.30612245 2.70000005 0.78893405 -1.67083383
0.30612245 2.79999995 0.74853557 -1.57694471
0.30612245 2.89999986 0.70492423 -1.48071790
0.30612245 2.99999976 0.65963840 -1.38637698
0.30612245 3.09999990 0.61335993 -1.29447162
0.30612245 3.20000005 0.56779188 -1.20750082
0.30612245 3.29999995 0.52381533 -1.12704587
0.30612245 3.40000010 0.48331353 -1.05449843
0.30612245 3.50000000 0.44555014 -0.98908949
0.30612245 3.59999990 0.41090631 -0.92989838
0.30612245 3.69999957 0.38034284 -0.87783831
0.30612245 3.79999995 0.35226822 -0.83108068
0.30612245 3.90000010 0.32698449 -0.78874147
0.30612245 4.00000000 0.30444080 -0.75114560
0.30612245 4.09999990 0.28451878 -0.71737897
0.51020408 0.10000000 1.00000000 -2.51020408
0.51020408 0.20000000 1.00000000 -2.51020408
0.51020408 0.30000001 1.00000000 -2.51020408
0.51020408 0.39999998 1.00000000 -2.51020408
0.51020408 0.50000000 0.99999994 -2.51020384
0.51020408 0.60000002 0.99999946 -2.51020169
0.51020408 0.69999993 0.99999511 -2.51018214
0.51020408 0.79999995 0.99997413 -2.51008773
0.51020408 0.89999998 0.99991089 -2.50980353
0.51020408 0.99999988 0.99975032 -2.50908446
0.51020408 1.10000002 0.99942708 -2.50764418
0.51020408 1.20000005 0.99884468 -2.50506639
0.51020408 1.29999995 0.99789733 -2.50090957
0.51020408 1.39999998 0.99644393 -2.49458957
0.51020408 1.49999988 0.99435896 -2.48564124
0.51020408 1.60000002 0.99149203 -2.47350359
0.51020408 1.70000005 0.98772258 -2.45780802
0.51020408 1.79999995 0.98276311 -2.43753052
0.51020408 1.89999986 0.97662413 -2.41297317
0.51020408 2.00000000 0.96899164 -2.38310790
0.51020408 2.09999990 0.95969146 -2.34764624
0.51020408 2.20000005 0.94853473 -2.30634665
0.51020408 2.29999995 0.93533617 -2.25884008
0.51020408 2.39999986 0.91995549 -2.20534229
0.51020408 2.49999976 0.90196449 -2.14481640
0.51020408 2.59999990 0.88164830 -2.07897735
0.51020408 2.70000005 0.85862565 -2.00712395
0.51020408 2.79999995 0.83287120 -1.92978668
0.51020408 2.89999986 0.80506581 -1.84953749
0.51020408 2.99999976 0.77485991 -1.76565146
0.51020408 3.09999990 0.74272561 -1.67985916
0.51020408 3.20000005 0.70961434 -1.59469974
0.51020408 3.29999995 0.67583120 -1.51081097
0.51020408 3.40000010 0.64175498 -1.42899740
0.51020408 3.50000000 0.60787421 -1.35003543
0.51020408 3.59999990 0.57508796 -1.27593565
0.51020408 3.69999957 0.54349989 -1.20628107
0.51020408 3.79999995 0.51348269 -1.14166880
0.51020408 3.90000010 0.48500541 -1.08142567
0.51020408 4.00000000 0.45834461 -1.02630484
0.51020408 4.09999990 0.43360654 -0.97565752
0.71428573 0.10000000 1.00000000 -2.71428585
0.71428573 0.20000000 1.00000000 -2.71428585
0.71428573 0.30000001 1.00000000 -2.71428585
0.71428573 0.39999998 1.00000000 -2.71428585
0.71428573 0.50000000 1.00000000 -2.71428585
0.71428573 0.60000002 0.99999970 -2.71428442
0.71428573 0.69999993 0.99999708 -2.71427202
0.71428573 0.79999995 0.99998510 -2.71421576
0.71428573 0.89999998 0.99994367 -2.71402073
0.71428573 0.99999988 0.99983442 -2.71350837
0.71428573 1.10000002 0.99960917 -2.71245432
0.71428573 1.20000005 0.99919271 -2.71051455
0.71428573 1.29999995 0.99849439 -2.70728469
0.71428573 1.39999998 0.99741662 -2.70233560
0.71428573 1.49999988 0.99586767 -2.69528031
0.71428573 1.60000002 0.99369258 -2.68547487
0.71428573 1.70000005 0.99081618 -2.67267585
0.71428573 1.79999995 0.98711008 -2.65638542
0.71428573 1.89999986 0.98244196 -2.63619757
0.71428573 2.00000000 0.97666669 -2.61163998
0.71428573 2.09999990 0.96967489 -2.58246064
0.71428573 2.20000005 0.96131736 -2.54822421
0.71428573 2.29999995 0.95157790 -2.50926185
0.71428573 2.39999986 0.94024771 -2.46498704
0.71428573 2.49999976 0.92719990 -2.41511798
0.71428573 2.59999990 0.91231161 -2.35991049
0.71428573 2.70000005 0.89566845 -2.29971933
0.71428573 2.79999995 0.87724262 -2.23496079
0.71428573 2.89999986 0.85699368 -2.16586041
0.71428573 2.99999976 0.83509481 -2.09319139
0.71428573 3.09999990 0.81147236 -2.01719785
0.71428573 3.20000005 0.78664988 -1.93957341
0.71428573 3.29999995 0.76062113 -1.86052144
0.71428573 3.40000010 0.73373985 -1.78119874
0.71428573 3.50000000 0.70643383 -1.70288467
0.71428573 3.59999990 0.67864919 -1.62539291
0.71428573 3.69999957 0.65112984 -1.55045307
0.71428573 3.79999995 0.62405485 -1.47838211
0.71428573 3.90000010 0.59729111 -1.40872431
0.71428573 4.00000000 0.57141715 -1.34286284
0.71428573 4.09999990 0.54650390 -1.28041458
0.91836733 0.10000000 1.00000000 -2.91836739
0.91836733 0.20000000 1.00000000 -2.91836739
0.91836733 0.30000001 1.00000000 -2.91836739
0.91836733 0.39999998 1.00000000 -2.91836739
0.91836733 0.50000000 1.00000000 -2.91836739
0.91836733 0.60000002 0.99999976 -2.91836619
0.91836733 0.69999993 0.99999851 -2.91836023
0.91836733 0.79999995 0.99999094 -2.91832280
0.91836733 0.89999998 0.99996388 -2.91819000
0.91836733 0.99999988 0.99989170 -2.91783595
0.91836733 1.10000002 0.99973482 -2.91706824
0.91836733 1.20000005 0.99943393 -2.91560030
0.91836733 1.29999995 0.99891746 -2.91309214
0.91836733 1.39999998 0.99811423 -2.90921521
0.91836733 1.49999988 0.99693155 -2.90353966
0.91836733 1.60000002 0.99527639 -2.89565635
0.91836733 1.70000005 0.99303448 -2.88508439
0.91836733 1.79999995 0.99014980 -2.87161636
0.91836733 1.89999986 0.98654854 -2.85499310
0.91836733 2.00000000 0.98204666 -2.83447456
0.91836733 2.09999990 0.97660202 -2.81000161
0.91836733 2.20000005 0.97013223 -2.78136253
0.91836733 2.29999995 0.96249169 -2.74813747
0.91836733 2.39999986 0.95371872 -2.71062708
0.91836733 2.49999976 0.94362521 -2.66831160
0.91836733 2.59999990 0.93224353 -2.62151098
0.91836733 2.70000005 0.91941577 -2.56982923
0.91836733 2.79999995 0.90527099 -2.51412630
0.91836733 2.89999986 0.88968188 -2.45410752
0.91836733 2.99999976 0.87262684 -2.38983107
0.91836733 3.09999990 0.85452139 -2.32313490
0.91836733 3.20000005 0.83495456 -2.25288177
0.91836733 3.29999995 0.81449831 -2.18110466
0.91836733 3.40000010 0.79280460 -2.10677457
0.91836733 3.50000000 0.77058285 -2.03241491
0.91836733 3.59999990 0.74770260 -1.95743716
0.91836733 3.69999957 0.72443426 -1.88300669
0.91836733 3.79999995 0.70105338 -1.80964088
0.91836733 3.90000010 0.67754430 -1.73754001
0.91836733 4.00000000 0.65414751 -1.66734529
0.91836733 4.09999990 0.63105410 -1.59919059
1.12244892 0.10000000 1.00000000 -3.12244892
1.12244892 0.20000000 1.00000000 -3.12244892
1.12244892 0.30000001 1.00000000 -3.12244892
1.12244892 0.39999998 1.00000000 -3.12244892
1.12244892 0.50000000 1.00000000 -3.12244892
1.12244892 0.60000002 0.99999994 -3.12244844
1.12244892 0.69999993 0.99999917 -3.12244463
1.12244892 0.79999995 0.99999458 -3.12242103
1.12244892 0.89999998 0.99997717 -3.12233210
1.12244892 0.99999988 0.99992841 -3.12208247
1.12244892 1.10000002 0.99982077 -3.12153339
1.12244892 1.20000005 0.99959719 -3.12039447
1.12244892 1.29999995 0.99922019 -3.11848044
1.12244892 1.39999998 0.99861175 -3.11540174
1.12244892 1.49999988 0.99771100 -3.11086845
1.12244892 1.60000002 0.99642730 -3.10444760
1.12244892 1.70000005 0.99468082 -3.09577322
1.12244892 1.79999995 0.99243987 -3.08473086
1.12244892 1.89999986 0.98953795 -3.07054877
1.12244892 2.00000000 0.98597097 -3.05331731
1.12244892 2.09999990 0.98162240 -3.03252029
1.12244892 2.20000005 0.97644907 -3.00807309
1.12244892 2.29999995 0.97043598 -2.98000193
1.12244892 2.39999986 0.96340072 -2.94767666
1.12244892 2.49999976 0.95530075 -2.91098547
1.12244892 2.59999990 0.94623762 -2.87056422
1.12244892 2.70000005 0.93600279 -2.82562137
1.12244892 2.79999995 0.92463171 -2.77661872
1.12244892 2.89999986 0.91220808 -2.72397399
1.12244892 2.99999976 0.89865440 -2.66762638
1.12244892 3.09999990 0.88402998 -2.60788870
1.12244892 3.20000005 0.86827010 -2.54481459
1.12244892 3.29999995 0.85162067 -2.47937679
1.12244892 3.40000010 0.83396137 -2.41139197
1.12244892 3.50000000 0.81547022 -2.34156084
1.12244892 3.59999990 0.79634321 -2.27071571
1.12244892 3.69999957 0.77672005 -2.19945288
1.12244892 3.79999995 0.75660557 -2.12773061
1.12244892 3.90000010 0.73635554 -2.05687237
1.12244892 4.00000000 0.71571201 -1.98597908
1.12244892 4.09999990 0.69510520 -1.91635978
1.32653058 0.10000000 1.00000000 -3.32653046
1.32653058 0.20000000 1.00000000 -3.32653046
1.32653058 0.30000001 1.00000000 -3.32653046
1.32653058 0.39999998 1.00000000 -3.32653046
1.32653058 0.50000000 1.00000000 -3.32653046
1.32653058 0.60000002 0.99999994 -3.32653022
1.32653058 0.69999993 0.99999958 -3.32652831
1.32653058 0.79999995 0.99999690 -3.32651401
1.32653058 0.89999998 0.99998516 -3.32645154
1.32653058 0.99999988 0.99995220 -3.32627606
1.32653058 1.10000002 0.99987471 -3.32586432
1.32653058 1.20000005 0.99971795 -3.32503271
1.32653058 1.29999995 0.99943411 -3.32353020
1.32653058 1.39999998 0.99897617 -3.32111430
1.32653058 1.49999988 0.99827313 -3.31741595
1.32653058 1.60000002 0.99727464 -3.31219292
1.32653058 1.70000005 0.99591148 -3.30509400
1.32653058 1.79999995 0.99410123 -3.29572630
1.32653058 1.89999986 0.99180758 -3.28394341
1.32653058 2.00000000 0.98893470 -3.26929712
1.32653058 2.09999990 0.98543590 -3.25162816
1.32653058 2.20000005 0.98122948 -3.23059011
1.32653058 2.29999995 0.97634822 -3.20639896
1.32653058 2.39999986 0.97055286 -3.17804646
1.32653058 2.49999976 0.96398664 -3.14629006
1.32653058 2.59999990 0.95661676 -3.11103582
1.32653058 2.70000005 0.94824833 -3.07164288
1.32653058 2.79999995 0.93899333 -3.02856183
1.32653058 2.89999986 0.92876452 -2.98172736
1.32653058 2.99999976 0.91765434 -2.93158937
1.32653058 3.09999990 0.90545428 -2.87737226
1.32653058 3.20000005 0.89256167 -2.82099080
1.32653058 3.29999995 0.87873083 -2.76149225
1.32653058 3.40000010 0.86390913 -2.69874835
1.32653058 3.50000000 0.84858292 -2.63485074
1.32653058 3.59999990 0.83245826 -2.56879330
1.32653058 3.69999957 0.81564248 -2.50103521
1.32653058 3.79999995 0.79841292 -2.43278074
1.32653058 3.90000010 0.78071296 -2.36384034
1.32653058 4.00000000 0.76279444 -2.29504395
1.32653058 4.09999990 0.74440157 -2.22553205
1.53061223 0.10000000 1.00000000 -3.53061223
1.53061223 0.20000000 1.00000000 -3.53061223
1.53061223 0.30000001 1.00000000 -3.53061223
1.53061223 0.39999998 1.00000000 -3.53061223
1.53061223 0.50000000 1.00000000 -3.53061223
1.53061223 0.60000002 1.00000000 -3.53061199
1.53061223 0.69999993 0.99999970 -3.53061056
1.53061223 0.79999995 0.99999791 -3.53060055
1.53061223 0.89999998 0.99999112 -3.53056312
1.53061223 0.99999988 0.99996859 -3.53043842
1.53061223 1.10000002 0.99991393 -3.53013682
1.53061223 1.20000005 0.99979949 -3.52950549
1.53061223 1.29999995 0.99959314 -3.52836871
1.53061223 1.39999998 0.99923927 -3.52642488
1.53061223 1.49999988 0.99870342 -3.52348924
1.53061223 1.60000002 0.99792266 -3.51922655
1.53061223 1.70000005 0.99683112 -3.51328969
1.53061223 1.79999995 0.99539644 -3.50553274
1.53061223 1.89999986 0.99353588 -3.49551845
1.53061223 2.00000000 0.99120313 -3.48304605
1.53061223 2.09999990 0.98834443 -3.46787739
1.53061223 2.20000005 0.98491651 -3.44982934
1.53061223 2.29999995 0.98084724 -3.42857170
1.53061223 2.39999986 0.97611713 -3.40408874
1.53061223 2.49999976 0.97072810 -3.37648106
1.53061223 2.59999990 0.96455145 -3.34517312
1.53061223 2.70000005 0.95761669 -3.31035447
1.53061223 2.79999995 0.94993740 -3.27229619
1.53061223 2.89999986 0.94139314 -3.23044848
1.53061223 2.99999976 0.93205065 -3.18524647
1.53061223 3.09999990 0.92194617 -3.13697481
1.53061223 3.20000005 0.91104341 -3.08562493
1.53061223 3.29999995 0.89938623 -3.03136158
1.53061223 3.40000010 0.88695711 -2.97440338
1.53061223 3.50000000 0.87375671 -2.91471767
1.53061223 3.59999990 0.85993344 -2.85305309
1.53061223 3.69999957 0.84562105 -2.79018664
1.53061223 3.79999995 0.83073151 -2.72560573
1.53061223 3.90000010 0.81533831 -2.65990186
1.53061223 4.00000000 0.79950827 -2.59322596
1.53061223 4.09999990 0.78336567 -2.52618241
1.73469388 0.10000000 1.00000000 -3.73469400
1.73469388 0.20000000 1.00000000 -3.73469400
1.73469388 0.30000001 1.00000000 -3.73469400
1.73469388 0.39999998 1.00000000 -3.73469400
1.73469388 0.50000000 1.00000000 -3.73469400
1.73469388 0.60000002 1.00000000 -3.73469400
1.73469388 0.69999993 0.99999982 -3.73469305
1.73469388 0.79999995 0.99999881 -3.73468709
1.73469388 0.89999998 0.99999410 -3.73466015
1.73469388 0.99999988 0.99997860 -3.73457122
1.73469388 1.10000002 0.99994063 -3.73435378
1.73469388 1.20000005 0.99985838 -3.73388267
1.73469388 1.29999995 0.99970251 -3.73299193
1.73469388 1.39999998 0.99943841 -3.73148465
1.73469388 1.49999988 0.99902517 -3.72913027
1.73469388 1.60000002 0.99840355 -3.72559929
1.73469388 1.70000005 0.99754548 -3.72074270
1.73469388 1.79999995 0.99638498 -3.71419764
1.73469388 1.89999986 0.99487168 -3.70570087
1.73469388 2.00000000 0.99298531 -3.69516969
1.73469388 2.09999990 0.99062490 -3.68205762
1.73469388 2.20000005 0.98778689 -3.66640949
1.73469388 2.29999995 0.98439676 -3.64781332
1.73469388 2.39999986 0.98048174 -3.62652969
1.73469388 2.49999976 0.97593510 -3.60200548
1.73469388 2.59999990 0.97077441 -3.57438469
1.73469388 2.70000005 0.96496987 -3.54366183
1.73469388 2.79999995 0.95847613 -3.50955248
1.73469388 2.89999986 0.95126045 -3.47200656
1.73469388 2.99999976 0.94333518 -3.43129396
1.73469388 3.09999990 0.93474525 -3.38758230
1.73469388 3.20000005 0.92551452 -3.34118080
1.73469388 3.29999995 0.91549945 -3.29137802
1.73469388 3.40000010 0.90491509 -3.23936176
1.73469388 3.50000000 0.89370006 -3.18484926
1.73469388 3.59999990 0.88174105 -3.12755108
1.73469388 3.69999957 0.86926323 -3.06846261
1.73469388 3.79999995 0.85625118 -3.00754142
1.73469388 3.90000010 0.84290463 -2.94587183
1.73469388 4.00000000 0.82890016 -2.88200307
1.73469388 4.09999990 0.81451911 -2.81715345
1.93877554 0.10000000 1.00000000 -3.93877554
1.93877554 0.20000000 1.00000000 -3.93877554
1.93877554 0.30000001 1.00000000 -3.93877554
1.93877554 0.39999998 1.00000000 -3.93877554
1.93877554 0.50000000 1.00000000 -3.93877554
1.93877554 0.60000002 1.00000000 -3.93877554
1.93877554 0.69999993 0.99999994 -3.93877530
1.93877554 0.79999995 0.99999923 -3.93877101
1.93877554 0.89999998 0.99999630 -3.93875360
1.93877554 0.99999988 0.99998623 -3.93869376
1.93877554 1.10000002 0.99995875 -3.93853068
1.93877554 1.20000005 0.99989814 -3.93817115
1.93877554 1.29999995 0.99978250 -3.93748569
1.93877554 1.39999998 0.99957973 -3.93628502
1.93877554 1.49999988 0.99925679 -3.93437767
1.93877554 1.60000002 0.99877173 -3.93151760
1.93877554 1.70000005 0.99809259 -3.92752314
1.93877554 1.79999995 0.99715543 -3.92203188
1.93877554 1.89999986 0.99592602 -3.91484714
1.93877554 2.00000000 0.99435765 -3.90571690
1.93877554 2.09999990 0.99241894 -3.89449430
1.93877554 2.20000005 0.99007070 -3.88097000
1.93877554 2.29999995 0.98723227 -3.86470985
1.93877554 2.39999986 0.98394489 -3.84600687
1.93877554 2.49999976 0.98013932 -3.82449508
1.93877554 2.59999990 0.97572559 -3.79970622
1.93877554 2.70000005 0.97083336 -3.77245545
1.93877554 2.79999995 0.96531355 -3.74195814
1.93877554 2.89999986 0.95915651 -3.70822191
1.93877554 2.99999976 0.95245385 -3.67184806
1.93877554 3.09999990 0.94508487 -3.63219738
1.93877554 3.20000005 0.93707186 -3.58951116
1.93877554 3.29999995 0.92849457 -3.54425550
1.93877554 3.40000010 0.91931456 -3.49630094
1.93877554 3.50000000 0.90956616 -3.44594193
1.93877554 3.59999990 0.89922291 -3.39298391
1.93877554 3.69999957 0.88831288 -3.33780265
1.93877554 3.79999995 0.87695450 -3.28094554
1.93877554 3.90000010 0.86505747 -3.22208786
1.93877554 4.00000000 0.85282540 -3.16216660
1.93877554 4.09999990 0.84011871 -3.10064960
2.14285707 0.10000000 1.00000000 -4.14285707
2.14285707 0.20000000 1.00000000 -4.14285707
2.14285707 0.30000001 1.00000000 -4.14285707
2.14285707 0.39999998 1.00000000 -4.14285707
2.14285707 0.50000000 1.00000000 -4.14285707
2.14285707 0.60000002 1.00000000 -4.14285707
2.14285707 0.69999993 0.99999994 -4.14285707
2.14285707 0.79999995 0.99999958 -4.14285469
2.14285707 0.89999998 0.99999768 -4.14284277
2.14285707 0.99999988 0.99999076 -4.14280033
2.14285707 1.10000002 0.99997211 -4.14268589
2.14285707 1.20000005 0.99992764 -4.14241266
2.14285707 1.29999995 0.99983954 -4.14187241
2.14285707 1.39999998 0.99968630 -4.14093351
2.14285707 1.49999988 0.99943548 -4.13939810
2.14285707 1.60000002 0.99905372 -4.13706636
2.14285707 1.70000005 0.99850339 -4.13371086
2.14285707 1.79999995 0.99774122 -4.12907457
2.14285707 1.89999986 0.99675822 -4.12311268
2.14285707 2.00000000 0.99546075 -4.11527395
2.14285707 2.09999990 0.99384123 -4.10551739
2.14285707 2.20000005 0.99189198 -4.09383154
2.14285707 2.29999995 0.98951477 -4.07964706
2.14285707 2.39999986 0.98672950 -4.06311226
2.14285707 2.49999976 0.98350304 -4.04407597
2.14285707 2.59999990 0.97978979 -4.02229309
2.14285707 2.70000005 0.97559339 -3.99782753
2.14285707 2.79999995 0.97086662 -3.97044992
2.14285707 2.89999986 0.96559358 -3.94015288
2.14285707 2.99999976 0.95978624 -3.90702510
2.14285707 3.09999990 0.95340544 -3.87094331
2.14285707 3.20000005 0.94650733 -3.83219457
2.14285707 3.29999995 0.93908066 -3.79088235
2.14285707 3.40000010 0.93104881 -3.74658871
2.14285707 3.50000000 0.92254752 -3.70008254
2.14285707 3.59999990 0.91346300 -3.65090823
2.14285707 3.69999957 0.90390331 -3.59955239
2.14285707 3.79999995 0.89385849 -3.54617882
2.14285707 3.90000010 0.88339585 -3.49112344
2.14285707 4.00000000 0.87252378 -3.43445468
2.14285707 4.09999990 0.86127675 -3.37636948
2.34693885 0.10000000 1.00000000 -4.34693909
2.34693885 0.20000000 1.00000000 -4.34693909
2.34693885 0.30000001 1.00000000 -4.34693909
2.34693885 0.39999998 1.00000000 -4.34693909
2.34693885 0.50000000 1.00000000 -4.34693909
2.34693885 0.60000002 1.00000000 -4.34693909
2.34693885 0.69999993 0.99999994 -4.34693861
2.34693885 0.79999995 0.99999976 -4.34693766
2.34693885 0.89999998 0.99999845 -4.34692907
2.34693885 0.99999988 0.99999398 -4.34690094
2.34693885 1.10000002 0.99998003 -4.34681225
2.34693885 1.20000005 0.99994928 -4.34661722
2.34693885 1.29999995 0.99988461 -4.34620762
2.34693885 1.39999998 0.99976915 -4.34547567
2.34693885 1.49999988 0.99957067 -4.34421921
2.34693885 1.60000002 0.99926853 -4.34230947
2.34693885 1.70000005 0.99882686 -4.33952188
2.34693885 1.79999995 0.99822134 -4.33570719
2.34693885 1.89999986 0.99740005 -4.33054733
2.34693885 2.00000000 0.99634236 -4.32391596
2.34693885 2.09999990 0.99500179 -4.31554461
2.34693885 2.20000005 0.99334699 -4.30524397
2.34693885 2.29999995 0.99136025 -4.29292536
2.34693885 2.39999986 0.98899949 -4.27834797
2.34693885 2.49999976 0.98624033 -4.26139975
2.34693885 2.59999990 0.98305380 -4.24191475
2.34693885 2.70000005 0.97946113 -4.22006893
2.34693885 2.79999995 0.97541249 -4.19560719
2.34693885 2.89999986 0.97084910 -4.16818905
2.34693885 2.99999976 0.96582294 -4.13819981
2.34693885 3.09999990 0.96029764 -4.10546494
2.34693885 3.20000005 0.95423925 -4.06977749
2.34693885 3.29999995 0.94779080 -4.03213787
2.34693885 3.40000010 0.94077706 -3.99147820
2.34693885 3.50000000 0.93326867 -3.94826484
2.34693885 3.59999990 0.92533088 -3.90299606
2.34693885 3.69999957 0.91684157 -3.85495877
2.34693885 3.79999995 0.90794623 -3.80500007
2.34693885 3.90000010 0.89871037 -3.75355244
2.34693885 4.00000000 0.88899052 -3.70002818
2.34693885 4.09999990 0.87889904 -3.64481854
2.55102038 0.10000000 1.00000000 -4.55102062
2.55102038 0.20000000 1.00000000 -4.55102062
2.55102038 0.30000001 1.00000000 -4.55102062
2.55102038 0.39999998 1.00000000 -4.55102062
2.55102038 0.50000000 1.00000000 -4.55102062
2.55102038 0.60000002 1.00000000 -4.55102062
2.55102038 0.69999993 1.00000000 -4.55102062
2.55102038 0.79999995 0.99999988 -4.55101967
2.55102038 0.89999998 0.99999881 -4.55101252
2.55102038 0.99999988 0.99999601 -4.55099440
2.55102038 1.10000002 0.99998629 -4.55093050
2.55102038 1.20000005 0.99996358 -4.55078220
2.55102038 1.29999995 0.99991488 -4.55046272
2.55102038 1.39999998 0.99982703 -4.54988813
2.55102038 1.49999988 0.99967587 -4.54890013
2.55102038 1.60000002 0.99944180 -4.54737139
2.55102038 1.70000005 0.99908870 -4.54506826
2.55102038 1.79999995 0.99859089 -4.54182625
2.55102038 1.89999986 0.99791795 -4.53744888
2.55102038 2.00000000 0.99702460 -4.53165579
2.55102038 2.09999990 0.99592125 -4.52451849
2.55102038 2.20000005 0.99454677 -4.51565552
2.55102038 2.29999995 0.99285984 -4.50481033
2.55102038 2.39999986 0.99083662 -4.49185181
2.55102038 2.49999976 0.98850596 -4.47698784
2.55102038 2.59999990 0.98579043 -4.45972681
2.55102038 2.70000005 0.98266578 -4.43998051
2.55102038 2.79999995 0.97914326 -4.41781330
2.55102038 2.89999986 0.97518474 -4.39303780
2.55102038 2.99999976 0.97081065 -4.36582565
2.55102038 3.09999990 0.96600121 -4.33608532
2.55102038 3.20000005 0.96072984 -4.30369139
2.55102038 3.29999995 0.95506024 -4.26904297
2.55102038 3.40000010 0.94889688 -4.23162222
2.55102038 3.50000000 0.94220513 -4.19131041
2.55102038 3.59999990 0.93520778 -4.14945936
2.55102038 3.69999957 0.92771786 -4.10494947
2.55102038 3.79999995 0.91982645 -4.05839491
2.55102038 3.90000010 0.91151947 -4.00978279
2.55102038 4.00000000 0.90275788 -3.95893216
2.55102038 4.09999990 0.89376897 -3.90713000
2.75510216 0.10000000 1.00000000 -4.75510216
2.75510216 0.20000000 1.00000000 -4.75510216
2.75510216 0.30000001 1.00000000 -4.75510216
2.75510216 0.39999998 1.00000000 -4.75510216
2.75510216 0.50000000 1.00000000 -4.75510216
2.75510216 0.60000002 1.00000000 -4.75510216
2.75510216 0.69999993 1.00000000 -4.75510216
2.75510216 0.79999995 0.99999988 -4.75510168
2.75510216 0.89999998 0.99999928 -4.75509739
2.75510216 0.99999988 0.99999744 -4.75508451
2.75510216 1.10000002 0.99999088 -4.75504065
2.75510216 1.20000005 0.99997431 -4.75492907
2.75510216 1.29999995 0.99993896 -4.75469017
2.75510216 1.39999998 0.99986953 -4.75422144
2.75510216 1.49999988 0.99975348 -4.75343895
2.75510216 1.60000002 0.99956471 -4.75216627
2.75510216 1.70000005 0.99928379 -4.75027466
2.75510216 1.79999995 0.99887955 -4.74755669
2.75510216 1.89999986 0.99833208 -4.74388075
2.75510216 2.00000000 0.99759656 -4.73895073
2.75510216 2.09999990 0.99666750 -4.73273802
2.75510216 2.20000005 0.99548888 -4.72487354
2.75510216 2.29999995 0.99408650 -4.71554184
2.75510216 2.39999986 0.99236244 -4.70410776
2.75510216 2.49999976 0.99036503 -4.69089890
2.75510216 2.59999990 0.98801845 -4.67545843
2.75510216 2.70000005 0.98531848 -4.65774345
2.75510216 2.79999995 0.98228180 -4.63790512
2.75510216 2.89999986 0.97886288 -4.61567783
2.75510216 2.99999976 0.97499859 -4.59066057
2.75510216 3.09999990 0.97075915 -4.56338215
2.75510216 3.20000005 0.96615964 -4.53394556
2.75510216 3.29999995 0.96108186 -4.50163078
2.75510216 3.40000010 0.95570558 -4.46756744
2.75510216 3.50000000 0.94982004 -4.43054962
2.75510216 3.59999990 0.94353998 -4.39127588
2.75510216 3.69999957 0.93688512 -4.34993982
2.75510216 3.79999995 0.92989439 -4.30680370
2.75510216 3.90000010 0.92242020 -4.26099014
2.75510216 4.00000000 0.91460741 -4.21337032
2.75510216 4.09999990 0.90647948 -4.16426754
2.95918369 0.10000000 1.00000000 -4.95918369
2.95918369 0.20000000 1.00000000 -4.95918369
2.95918369 0.30000001 1.00000000 -4.95918369
2.95918369 0.39999998 1.00000000 -4.95918369
2.95918369 0.50000000 1.00000000 -4.95918369
2.95918369 0.60000002 1.00000000 -4.95918369
2.95918369 0.69999993 1.00000000 -4.95918369
2.95918369 0.79999995 0.99999994 -4.95918322
2.95918369 0.89999998 0.99999958 -4.95918083
2.95918369 0.99999988 0.99999827 -4.95917130
2.95918369 1.10000002 0.99999380 -4.95914078
2.95918369 1.20000005 0.99998170 -4.95905638
2.95918369 1.29999995 0.99995494 -4.95886993
2.95918369 1.39999998 0.99990320 -4.95851040
2.95918369 1.49999988 0.99981314 -4.95788431
2.95918369 1.60000002 0.99966359 -4.95684528
2.95918369 1.70000005 0.99943572 -4.95526361
2.95918369 1.79999995 0.99911451 -4.95303535
2.95918369 1.89999986 0.99865854 -4.94987774
2.95918369 2.00000000 0.99805647 -4.94571352
2.95918369 2.09999990 0.99727237 -4.94030094
2.95918369 2.20000005 0.99629980 -4.93360043
2.95918369 2.29999995 0.99508578 -4.92525196
2.95918369 2.39999986 0.99363559 -4.91530848
2.95918369 2.49999976 0.99189854 -4.90343666
2.95918369 2.59999990 0.98989332 -4.88977194
2.95918369 2.70000005 0.98755467 -4.87388659
2.95918369 2.79999995 0.98488420 -4.85581970
2.95918369 2.89999986 0.98191440 -4.83580446
2.95918369 2.99999976 0.97853839 -4.81314850
2.95918369 3.09999990 0.97484910 -4.78850889
2.95918369 3.20000005 0.97075492 -4.76126289
2.95918369 3.29999995 0.96632749 -4.73196936
2.95918369 3.40000010 0.96149307 -4.70012808
2.95918369 3.50000000 0.95630449 -4.66616535
2.95918369 3.59999990 0.95069635 -4.62962866
2.95918369 3.69999957 0.94477636 -4.59128237
2.95918369 3.79999995 0.93845648 -4.55057478
2.95918369 3.90000010 0.93179750 -4.50799751
2.95918369 4.00000000 0.92475545 -4.46313906
2.95918369 4.09999990 0.91737580 -4.41651249
3.16326523 0.10000000 1.00000000 -5.16326523
3.16326523 0.20000000 1.00000000 -5.16326523
3.16326523 0.30000001 1.00000000 -5.16326523
3.16326523 0.39999998 1.00000000 -5.16326523
3.16326523 0.50000000 1.00000000 -5.16326523
3.16326523 0.60000002 1.00000000 -5.16326523
3.16326523 0.69999993 1.00000000 -5.16326523
3.16326523 0.79999995 0.99999994 -5.16326475
3.16326523 0.89999998 0.99999976 -5.16326380
3.16326523 0.99999988 0.99999869 -5.16325569
3.16326523 1.10000002 0.99999565 -5.16323423
3.16326523 1.20000005 0.99998701 -5.16317225
3.16326523 1.29999995 0.99996686 -5.16302824
3.16326523 1.39999998 0.99992687 -5.16274118
3.16326523 1.49999988 0.99985766 -5.16224623
3.16326523 1.60000002 0.99974370 -5.16143084
3.16326523 1.70000005 0.99955648 -5.16009235
3.16326523 1.79999995 0.99929094 -5.15819502
3.16326523 1.89999986 0.99891913 -5.15554142
3.16326523 2.00000000 0.99842083 -5.15198898
3.16326523 2.09999990 0.99777108 -5.14736414
3.16326523 2.20000005 0.99694812 -5.14151669
3.16326523 2.29999995 0.99589509 -5.13404846
3.16326523 2.39999986 0.99466282 -5.12532949
3.16326523 2.49999976 0.99318075 -5.11486578
3.16326523 2.59999990 0.99142969 -5.10254145
3.16326523 2.70000005 0.98940492 -5.08832836
3.16326523 2.79999995 0.98708230 -5.07207346
3.16326523 2.89999986 0.98451155 -5.05413818
3.16326523 2.99999976 0.98152041 -5.03336763
3.16326523 3.09999990 0.97825861 -5.01079655
3.16326523 3.20000005 0.97469252 -4.98619986
3.16326523 3.29999995 0.97072089 -4.95895672
3.16326523 3.40000010 0.96644890 -4.92975664
3.16326523 3.50000000 0.96178955 -4.89807463
3.16326523 3.59999990 0.95678914 -4.86423397
3.16326523 3.69999957 0.95145112 -4.82829714
3.16326523 3.79999995 0.94581676 -4.79057026
3.16326523 3.90000010 0.93983120 -4.75066614
3.16326523 4.00000000 0.93347394 -4.70853901
3.16326523 4.09999990 0.92672944 -4.66412735
3.36734700 0.10000000 1.00000000 -5.36734676
3.36734700 0.20000000 1.00000000 -5.36734676
3.36734700 0.30000001 1.00000000 -5.36734676
3.36734700 0.39999998 1.00000000 -5.36734676
3.36734700 0.50000000 1.00000000 -5.36734676
3.36734700 0.60000002 1.00000000 -5.36734676
3.36734700 0.69999993 1.00000000 -5.36734676
3.36734700 0.79999995 1.00000000 -5.36734676
3.36734700 0.89999998 0.99999982 -5.36734533
3.36734700 0.99999988 0.99999917 -5.36734056
3.36734700 1.10000002 0.99999696 -5.36732435
3.36734700 1.20000005 0.99998987 -5.36727238
3.36734700 1.29999995 0.99997604 -5.36717033
3.36734700 1.39999998 0.99994576 -5.36694765
3.36734700 1.49999988 0.99989110 -5.36654520
3.36734700 1.60000002 0.99979830 -5.36586237
3.36734700 1.70000005 0.99965394 -5.36479998
3.36734700 1.79999995 0.99943990 -5.36322641
3.36734700 1.89999986 0.99913317 -5.36097383
3.36734700 2.00000000 0.99871540 -5.35790682
3.36734700 2.09999990 0.99816662 -5.35388565
3.36734700 2.20000005 0.99747366 -5.34881210
3.36734700 2.29999995 0.99659473 -5.34238720
3.36734700 2.39999986 0.99553585 -5.33466625
3.36734700 2.49999976 0.99424708 -5.32529020
3.36734700 2.59999990 0.99273926 -5.31433725
3.36734700 2.70000005 0.99099308 -5.30168390
3.36734700 2.79999995 0.98895985 -5.28699207
3.36734700 2.89999986 0.98666304 -5.27044678
3.36734700 2.99999976 0.98407376 -5.25186205
3.36734700 3.09999990 0.98118609 -5.23119164
3.36734700 3.20000005 0.97799969 -5.20848274
3.36734700 3.29999995 0.97453082 -5.18384361
3.36734700 3.40000010 0.97066134 -5.15646076
3.36734700 3.50000000 0.96652222 -5.12729597
3.36734700 3.59999990 0.96210724 -5.09632778
3.36734700 3.69999957 0.95726752 -5.06254005
3.36734700 3.79999995 0.95220488 -5.02731419
3.36734700 3.90000010 0.94678432 -4.98982811
3.36734700 4.00000000 0.94102395 -4.95018339
3.36734700 4.09999990 0.93505424 -4.90927362
3.57142854 0.10000000 1.00000000 -5.57142830
3.57142854 0.20000000 1.00000000 -5.57142830
3.57142854 0.30000001 1.00000000 -5.57142830
3.57142854 0.39999998 1.00000000 -5.57142830
3.57142854 0.50000000 1.00000000 -5.57142830
3.57142854 0.60000002 1.00000000 -5.57142830
3.57142854 0.69999993 1.00000000 -5.57142830
3.57142854 0.79999995 1.00000000 -5.57142830
3.57142854 0.89999998 0.99999988 -5.57142782
3.57142854 0.99999988 0.99999940 -5.57142353
3.57142854 1.10000002 0.99999815 -5.57141447
3.57142854 1.20000005 0.99999350 -5.57137918
3.57142854 1.29999995 0.99998242 -5.57129526
3.57142854 1.39999998 0.99995989 -5.57112503
3.57142854 1.49999988 0.99991709 -5.57080126
3.57142854 1.60000002 0.99984634 -5.57026577
3.57142854 1.70000005 0.99972540 -5.56935120
3.57142854 1.79999995 0.99955237 -5.56804276
3.57142854 1.89999986 0.99930108 -5.56614447
3.57142854 2.00000000 0.99895918 -5.56356525
3.57142854 2.09999990 0.99849564 -5.56006956
3.57142854 2.20000005 0.99790341 -5.55560827
3.57142854 2.29999995 0.99716210 -5.55003262
3.57142854 2.39999986 0.99625570 -5.54322577
3.57142854 2.49999976 0.99514842 -5.53492451
3.57142854 2.59999990 0.99384004 -5.52513266
3.57142854 2.70000005 0.99230474 -5.51367426
3.57142854 2.79999995 0.99056536 -5.50071573
3.57142854 2.89999986 0.98852080 -5.48553371
3.57142854 2.99999976 0.98624498 -5.46866941
3.57142854 3.09999990 0.98370469 -5.44990253
3.57142854 3.20000005 0.98085862 -5.42894936
3.57142854 3.29999995 0.97774529 -5.40609169
3.57142854 3.40000010 0.97432512 -5.38110495
3.57142854 3.50000000 0.97066271 -5.35440207
3.57142854 3.59999990 0.96663743 -5.32519341
3.57142854 3.69999957 0.96233070 -5.29405451
3.57142854 3.79999995 0.95772302 -5.26086664
3.57142854 3.90000010 0.95281899 -5.22572279
3.57142854 4.00000000 0.94760865 -5.18854475
3.57142854 4.09999990 0.94212025 -5.14956284
3.77551031 0.10000000 1.00000000 -5.77551031
3.77551031 0.20000000 1.00000000 -5.77551031
3.77551031 0.30000001 1.00000000 -5.77551031
3.77551031 0.39999998 1.00000000 -5.77551031
3.77551031 0.50000000 1.00000000 -5.77551031
3.77551031 0.60000002 1.00000000 -5.77551031
3.77551031 0.69999993 1.00000000 -5.77551031
3.77551031 0.79999995 1.00000000 -5.77551031
3.77551031 0.89999998 0.99999994 -5.77550983
3.77551031 0.99999988 0.99999970 -5.77550793
3.77551031 1.10000002 0.99999851 -5.77549887
3.77551031 1.20000005 0.99999553 -5.77547550
3.77551031 1.29999995 0.99998724 -5.77541113
3.77551031 1.39999998 0.99996924 -5.77527142
3.77551031 1.49999988 0.99993604 -5.77501345
3.77551031 1.60000002 0.99988025 -5.77457952
3.77551031 1.70000005 0.99978834 -5.77386522
3.77551031 1.79999995 0.99964446 -5.77274799
3.77551031 1.89999986 0.99943829 -5.77114725
3.77551031 2.00000000 0.99914837 -5.76889944
3.77551031 2.09999990 0.99876940 -5.76596260
3.77551031 2.20000005 0.99827015 -5.76209736
3.77551031 2.29999995 0.99763167 -5.75715876
3.77551031 2.39999986 0.99685812 -5.75118494
3.77551031 2.49999976 0.99590212 -5.74381208
3.77551031 2.59999990 0.99477315 -5.73511696
3.77551031 2.70000005 0.99343377 -5.72482920
3.77551031 2.79999995 0.99188209 -5.71292543
3.77551031 2.89999986 0.99011481 -5.69940233
3.77551031 2.99999976 0.98808640 -5.68391848
3.77551031 3.09999990 0.98584795 -5.66687202
3.77551031 3.20000005 0.98333091 -5.64776945
3.77551031 3.29999995 0.98056048 -5.62679482
3.77551031 3.40000010 0.97753191 -5.60394287
3.77551031 3.50000000 0.97418940 -5.57879066
3.77551031 3.59999990 0.97060084 -5.55188560
3.77551031 3.69999957 0.96671152 -5.52284431
3.77551031 3.79999995 0.96255243 -5.49187994
3.77551031 3.90000010 0.95811832 -5.45900393
3.77551031 4.00000000 0.95343637 -5.42441654
3.77551031 4.09999990 0.94844341 -5.38771868
3.97959185 0.10000000 1.00000000 -5.97959185
3.97959185 0.20000000 1.00000000 -5.97959185
3.97959185 0.30000001 1.00000000 -5.97959185
3.97959185 0.39999998 1.00000000 -5.97959185
3.97959185 0.50000000 1.00000000 -5.97959185
3.97959185 0.60000002 1.00000000 -5.97959185
3.97959185 0.69999993 1.00000000 -5.97959185
3.97959185 0.79999995 1.00000000 -5.97959185
3.97959185 0.89999998 0.99999994 -5.97959137
3.97959185 0.99999988 0.99999982 -5.97959042
3.97959185 1.10000002 0.99999893 -5.97958326
3.97959185 1.20000005 0.99999654 -5.97956419
3.97959185 1.29999995 0.99999124 -5.97952223
3.97959185 1.39999998 0.99997723 -5.97941017
3.97959185 1.49999988 0.99995255 -5.97921371
3.97959185 1.60000002 0.99990708 -5.97885036
3.97959185 1.70000005 0.99983269 -5.97825766
3.97959185 1.79999995 0.99971527 -5.97732162
3.97959185 1.89999986 0.99955225 -5.97602224
3.97959185 2.00000000 0.99930918 -5.97408676
3.97959185 2.09999990 0.99898469 -5.97150373
3.97959185 2.20000005 0.99856550 -5.96817064
3.97959185 2.29999995 0.99802846 -5.96390295
3.97959185 2.39999986 0.99735987 -5.95859766
3.97959185 2.49999976 0.99653810 -5.95208502
3.97959185 2.59999990 0.99554604 -5.94423342
3.97959185 2.70000005 0.99438083 -5.93502426
3.97959185 2.79999995 0.99303788 -5.92443752
3.97959185 2.89999986 0.99147797 -5.91215515
3.97959185 2.99999976 0.98971331 -5.89828920
3.97959185 3.09999990 0.98769116 -5.88243961
3.97959185 3.20000005 0.98544776 -5.86490154
3.97959185 3.29999995 0.98298669 -5.84570646
3.97959185 3.40000010 0.98026067 -5.82450199
3.97959185 3.50000000 0.97725022 -5.80115366
3.97959185 3.59999990 0.97404873 -5.77642059
3.97959185 3.69999957 0.97055990 -5.74952507
3.97959185 3.79999995 0.96678120 -5.72050333
3.97959185 3.90000010 0.96273977 -5.68957329
3.97959185 4.00000000 0.95845592 -5.65690374
3.97959185 4.09999990 0.95393991 -5.62256098
4.18367338 0.10000000 1.00000000 -6.18367338
4.18367338 0.20000000 1.00000000 -6.18367338
4.18367338 0.30000001 1.00000000 -6.18367338
4.18367338 0.39999998 1.00000000 -6.18367338
4.18367338 0.50000000 1.00000000 -6.18367338
4.18367338 0.60000002 1.00000000 -6.18367338
4.18367338 0.69999993 1.00000000 -6.18367338
4.18367338 0.79999995 1.00000000 -6.18367338
4.18367338 0.89999998 0.99999994 -6.18367290
4.18367338 0.99999988 0.99999982 -6.18367195
4.18367338 1.10000002 0.99999928 -6.18366766
4.18367338 1.20000005 0.99999750 -6.18365288
4.18367338 1.29999995 0.99999303 -6.18361616
4.18367338 1.39999998 0.99998367 -6.18353939
4.18367338 1.49999988 0.99996269 -6.18336773
4.18367338 1.60000002 0.99992752 -6.18308020
4.18367338 1.70000005 0.99986792 -6.18259287
4.18367338 1.79999995 0.99977398 -6.18182421
4.18367338 1.89999986 0.99963409 -6.18068123
4.18367338 2.00000000 0.99943560 -6.17905951
4.18367338 2.09999990 0.99916822 -6.17687511
4.18367338 2.20000005 0.99880958 -6.17394733
4.18367338 2.29999995 0.99835551 -6.17024612
4.18367338 2.39999986 0.99777848 -6.16554451
4.18367338 2.49999976 0.99706674 -6.15975237
4.18367338 2.59999990 0.99622190 -6.15288544
4.18367338 2.70000005 0.99520814 -6.14465618
4.18367338 2.79999995 0.99401206 -6.13496590
4.18367338 2.89999986 0.99265265 -6.12396193
4.18367338 2.99999976 0.99106145 -6.11111164
4.18367338 3.09999990 0.98930585 -6.09696531
4.18367338 3.20000005 0.98731136 -6.08091927
4.18367338 3.29999995 0.98510647 -6.06323242
4.18367338 3.40000010 0.98263848 -6.04347515
4.18367338 3.50000000 0.97998321 -6.02228069
4.18367338 3.59999990 0.97706562 -5.99904490
4.18367338 3.69999957 0.97387904 -5.97374773
4.18367338 3.79999995 0.97050363 -5.94703007
4.18367338 3.90000010 0.96686435 -5.91830778
4.18367338 4.00000000 0.96292722 -5.88732338
4.18367338 4.09999990 0.95885044 -5.85536957
4.38775492 0.10000000 1.00000000 -6.38775492
4.38775492 0.20000000 1.00000000 -6.38775492
4.38775492 0.30000001 1.00000000 -6.38775492
4.38775492 0.39999998 1.00000000 -6.38775492
4.38775492 0.50000000 1.00000000 -6.38775492
4.38775492 0.60000002 1.00000000 -6.38775492
4.38775492 0.69999993 1.00000000 -6.38775492
4.38775492 0.79999995 1.00000000 -6.38775492
4.38775492 0.89999998 1.00000000 -6.38775492
4.38775492 0.99999988 0.99999988 -6.38775396
4.38775492 1.10000002 0.99999952 -6.38775063
4.38775492 1.20000005 0.99999833 -6.38774109
4.38775492 1.29999995 0.99999517 -6.38771439
4.38775492 1.39999998 0.99998796 -6.38765430
4.38775492 1.49999988 0.99997240 -6.38752365
4.38775492 1.60000002 0.99994355 -6.38728189
4.38775492 1.70000005 0.99989742 -6.38689470
4.38775492 1.79999995 0.99982256 -6.38626719
4.38775492 1.89999986 0.99970573 -6.38528824
4.38775492 2.00000000 0.99954104 -6.38390875
4.38775492 2.09999990 0.99931359 -6.38200474
4.38775492 2.20000005 0.99901575 -6.37951136
4.38775492 2.29999995 0.99863029 -6.37628841
4.38775492 2.39999986 0.99813551 -6.37215137
4.38775492 2.49999976 0.99752408 -6.36704779
4.38775492 2.59999990 0.99677432 -6.36079359
4.38775492 2.70000005 0.99589682 -6.35348606
4.38775492 2.79999995 0.99483800 -6.34467697
4.38775492 2.89999986 0.99364954 -6.33480883
4.38775492 2.99999976 0.99224806 -6.32317877
4.38775492 3.09999990 0.99067789 -6.31017637
4.38775492 3.20000005 0.98890358 -6.29551744
4.38775492 3.29999995 0.98692834 -6.27923441
4.38775492 3.40000010 0.98471504 -6.26101351
4.38775492 3.50000000 0.98231447 -6.24130487
4.38775492 3.59999990 0.97968227 -6.21974659
4.38775492 3.69999957 0.97683227 -6.19645309
4.38775492 3.79999995 0.97374266 -6.17129040
4.38775492 3.90000010 0.97044986 -6.14452457
4.38775492 4.00000000 0.96686906 -6.11552858
4.38775492 4.09999990 0.96314627 -6.08547306
4.59183693 0.10000000 1.00000000 -6.59183693
4.59183693 0.20000000 1.00000000 -6.59183693
4.59183693 0.30000001 1.00000000 -6.59183693
4.59183693 0.39999998 1.00000000 -6.59183693
4.59183693 0.50000000 1.00000000 -6.59183693
4.59183693 0.60000002 1.00000000 -6.59183693
4.59183693 0.69999993 1.00000000 -6.59183693
4.59183693 0.79999995 1.00000000 -6.59183693
4.59183693 0.89999998 1.00000000 -6.59183693
4.59183693 0.99999988 0.99999994 -6.59183645
4.59183693 1.10000002 0.99999970 -6.59183455
4.59183693 1.20000005 0.99999887 -6.59182739
4.59183693 1.29999995 0.99999619 -6.59180403
4.59183693 1.39999998 0.99999088 -6.59175873
4.59183693 1.49999988 0.99997854 -6.59165287
4.59183693 1.60000002 0.99995703 -6.59146786
4.59183693 1.70000005 0.99991816 -6.59113359
4.59183693 1.79999995 0.99985558 -6.59059620
4.59183693 1.89999986 0.99976283 -6.58979988
4.59183693 2.00000000 0.99962795 -6.58864212
4.59183693 2.09999990 0.99944139 -6.58704185
4.59183693 2.20000005 0.99918664 -6.58485651
4.59183693 2.29999995 0.99885160 -6.58198452
4.59183693 2.39999986 0.99843204 -6.57839203
4.59183693 2.49999976 0.99788928 -6.57374716
4.59183693 2.59999990 0.99725658 -6.56833553
4.59183693 2.70000005 0.99647272 -6.56163836
4.59183693 2.79999995 0.99556005 -6.55385208
4.59183693 2.89999986 0.99450171 -6.54483366
4.59183693 2.99999976 0.99327773 -6.53441668
4.59183693 3.09999990 0.99185526 -6.52232981
4.59183693 3.20000005 0.99027562 -6.50893021
4.59183693 3.29999995 0.98852682 -6.49413681
4.59183693 3.40000010 0.98654455 -6.47737265
4.59183693 3.50000000 0.98438197 -6.45912409
4.59183693 3.59999990 0.98202783 -6.43932104
4.59183693 3.69999957 0.97943521 -6.41753912
4.59183693 3.79999995 0.97665411 -6.39424229
4.59183693 3.90000010 0.97360271 -6.36876345
4.59183693 4.00000000 0.97038329 -6.34193277
4.59183693 4.09999990 0.96692050 -6.31314182
4.79591846 0.10000000 1.00000000 -6.79591846
4.79591846 0.20000000 1.00000000 -6.79591846
4.79591846 0.30000001 1.00000000 -6.79591846
4.79591846 0.39999998 1.00000000 -6.79591846
4.79591846 0.50000000 1.00000000 -6.79591846
4.79591846 0.60000002 1.00000000 -6.79591846
4.79591846 0.69999993 1.00000000 -6.79591846
4.79591846 0.79999995 1.00000000 -6.79591846
4.79591846 0.89999998 1.00000000 -6.79591846
4.79591846 0.99999988 0.99999994 -6.79591799
4.79591846 1.10000002 0.99999976 -6.79591608
4.79591846 1.20000005 0.99999905 -6.79590988
4.79591846 1.29999995 0.99999738 -6.79589510
4.79591846 1.39999998 0.99999291 -6.79585600
4.79591846 1.49999988 0.99998403 -6.79577827
4.79591846 1.60000002 0.99996537 -6.79561377
4.79591846 1.70000005 0.99993652 -6.79536009
4.79591846 1.79999995 0.99988484 -6.79490566
4.79591846 1.89999986 0.99980915 -6.79424047
4.79591846 2.00000000 0.99969447 -6.79323244
4.79591846 2.09999990 0.99953943 -6.79187012
4.79591846 2.20000005 0.99932057 -6.78994846
4.79591846 2.29999995 0.99904364 -6.78751707
4.79591846 2.39999986 0.99867541 -6.78428698
4.79591846 2.49999976 0.99821645 -6.78026199
4.79591846 2.59999990 0.99765176 -6.77531385
4.79591846 2.70000005 0.99698263 -6.76945686
4.79591846 2.79999995 0.99617457 -6.76239061
4.79591846 2.89999986 0.99523586 -6.75419569
4.79591846 2.99999976 0.99414289 -6.74465609
4.79591846 3.09999990 0.99289590 -6.73379135
4.79591846 3.20000005 0.99149644 -6.72161293
4.79591846 3.29999995 0.98989898 -6.70774412
4.79591846 3.40000010 0.98813665 -6.69245911
4.79591846 3.50000000 0.98618942 -6.67561054
4.79591846 3.59999990 0.98405313 -6.65714598
4.79591846 3.69999957 0.98170632 -6.63691282
4.79591846 3.79999995 0.97914958 -6.61491537
4.79591846 3.90000010 0.97644085 -6.59166145
4.79591846 4.00000000 0.97344041 -6.56598139
4.79591846 4.09999990 0.97034770 -6.53955364
5.00000000 0.10000000 1.00000000 -7.00000000
5.00000000 0.20000000 1.00000000 -7.00000000
5.00000000 0.30000001 1.00000000 -7.00000000
5.00000000 0.39999998 1.00000000 -7.00000000
5.00000000 0.50000000 1.00000000 -7.00000000
5.00000000 0.60000002 1.00000000 -7.00000000
5.00000000 0.69999993 1.00000000 -7.00000000
5.00000000 0.79999995 1.00000000 -7.00000000
5.00000000 0.89999998 1.00000000 -7.00000000
5.00000000 0.99999988 0.99999994 -6.99999952
5.00000000 1.10000002 0.99999988 -6.99999857
5.00000000 1.20000005 0.99999934 -6.99999428
5.00000000 1.29999995 0.99999815 -6.99998331
5.00000000 1.39999998 0.99999475 -6.99995279
5.00000000 1.49999988 0.99998754 -6.99988794
5.00000000 1.60000002 0.99997413 -6.99976730
5.00000000 1.70000005 0.99995077 -6.99955702
5.00000000 1.79999995 0.99990994 -6.99918938
5.00000000 1.89999986 0.99984616 -6.99861574
5.00000000 2.00000000 0.99975258 -6.99777412
5.00000000 2.09999990 0.99961710 -6.99655581
5.00000000 2.20000005 0.99943519 -6.99492025
5.00000000 2.29999995 0.99919415 -6.99275446
5.00000000 2.39999986 0.99888641 -6.98999071
5.00000000 2.49999976 0.99849296 -6.98645926
5.00000000 2.59999990 0.99800611 -6.98209095
5.00000000 2.70000005 0.99740827 -6.97673321
5.00000000 2.79999995 0.99671471 -6.97052431
5.00000000 2.89999986 0.99588007 -6.96305370
5.00000000 2.99999976 0.99491900 -6.95446634
5.00000000 3.09999990 0.99380577 -6.94452429
5.00000000 3.20000005 0.99256128 -6.93342733
5.00000000 3.29999995 0.99111456 -6.92055368
5.00000000 3.40000010 0.98952734 -6.90644073
5.00000000 3.50000000 0.98777217 -6.89086246
5.00000000 3.59999990 0.98584980 -6.87383795
5.00000000 3.69999957 0.98373139 -6.85509586
5.00000000 3.79999995 0.98141098 -6.83461332
5.00000000 3.90000010 0.97891486 -6.81262589
5.00000000 4.00000000 0.97624141 -6.78913641
5.00000000 4.09999990 0.97333628 -6.76363707
