0.00000000 2.15000010 0.83543873 -1.60946798
0.00000000 2.15400004 0.81536710 -1.60416639
0.00000000 2.15799999 0.82983524 -1.60070086
0.00000000 2.16200018 0.82543325 -1.59536076
0.00000000 2.16600013 0.82065409 -1.59007359
0.00000000 2.17000008 0.81917018 -1.58656931
0.00000000 2.17400002 0.81473017 -1.58121169
0.00000000 2.17799997 0.81117576 -1.57611811
0.00000000 2.18200016 0.80548149 -1.57036746
0.00000000 2.18600011 0.80080014 -1.56508601
0.00000000 2.19000006 0.79666048 -1.56017971
0.00000000 2.19400001 0.79135799 -1.55417514
0.00000000 2.19799995 0.78937423 -1.55017304
0.00000000 2.20200014 0.78137767 -1.54320931
0.00000000 2.20600009 0.77507222 -1.53730345
0.00000000 2.21000004 0.77090561 -1.53231835
0.00000000 2.21399999 0.76071310 -1.52467966
0.00000000 2.21799994 0.75753212 -1.51994944
0.00000000 2.22200012 0.74254578 -1.51157343
0.00000000 2.22600007 0.74185377 -1.50679719
0.00000000 2.23000002 0.73428589 -1.50047219
0.00000000 2.23399997 0.72449392 -1.49388599
0.00000000 2.23799992 0.71494502 -1.48672760
0.00000000 2.24200010 0.70453858 -1.47996175
0.00000000 2.24600005 0.68753231 -1.47182655
0.00000000 2.25000000 0.67092884 -1.46314478
0.00000000 2.25399995 0.64616525 -1.45501304
0.00000000 2.25799990 0.62971884 -1.44703269
0.00000000 2.26200008 0.59445512 -1.43470550
0.00000000 2.26599979 0.52610761 -1.42375243
0.00000000 2.26999998 0.48712224 -1.41477847
0.00000000 2.27399993 0.42992097 -1.40279984
0.00000000 2.27799988 0.36113366 -1.39097536
0.00000000 2.28200006 0.26758623 -1.38223612
0.00000000 2.28600001 0.25081214 -1.37082767
0.00000000 2.28999996 0.19408785 -1.36193252
0.00000000 2.29399991 0.15393026 -1.35182250
0.00000000 2.29799986 0.14414524 -1.34801531
0.00000000 2.30200005 0.14222041 -1.34006202
0.00000000 2.30599999 0.13379176 -1.33153117
0.00000000 2.30999994 0.12473887 -1.32734632
0.00000000 2.31399989 0.09405385 -1.31842542
0.00000000 2.31799984 0.07908500 -1.31293976
0.00000000 2.32200003 0.08027850 -1.30530846
0.00000000 2.32599998 0.08578651 -1.30002475
0.00000000 2.32999992 0.07768408 -1.29468215
0.00000000 2.33399987 0.06520991 -1.28800321
0.00000000 2.33799982 0.06418575 -1.28195453
0.00000000 2.34200001 0.06364114 -1.27529204
0.00000000 2.34599996 0.05837878 -1.27045250
0.00000000 2.34999990 0.05570338 -1.26477551
