-0.50000000 0.02268000 -1.00000000
-0.50000000 0.47401202 -0.99481159
-0.50000000 0.92534399 -0.97910130
-0.50000000 1.37667596 -0.83858043
-0.50000000 1.82800794 -0.54620391
-0.50000000 2.27934003 -0.33181909
-0.50000000 2.73067212 -0.22318405
-0.50000000 3.18200421 -0.16546316
-0.50000000 3.63333631 -0.12940793
-0.50000000 4.08466816 -0.10607309
-0.50000000 4.53600025 -0.08928009
-0.40000001 0.02268000 -1.00000000
-0.40000001 0.47401202 -0.99477339
-0.40000001 0.92534399 -0.97104287
-0.40000001 1.37667596 -0.80641878
-0.40000001 1.82800794 -0.47122467
-0.40000001 2.27934003 -0.27077797
-0.40000001 2.73067212 -0.17935221
-0.40000001 3.18200421 -0.13254163
-0.40000001 3.63333631 -0.10347253
-0.40000001 4.08466816 -0.08475998
-0.40000001 4.53600025 -0.07134149
-0.30000001 0.02268000 -1.00000000
-0.30000001 0.47401202 -0.99480015
-0.30000001 0.92534399 -0.96882290
-0.30000001 1.37667596 -0.75368595
-0.30000001 1.82800794 -0.38211527
-0.30000001 2.27934003 -0.20858535
-0.30000001 2.73067212 -0.13596627
-0.30000001 3.18200421 -0.10073767
-0.30000001 3.63333631 -0.07870578
-0.30000001 4.08466816 -0.06388339
-0.30000001 4.53600025 -0.05316617
-0.20000002 0.02268000 -1.00000000
-0.20000002 0.47401202 -0.99468660
-0.20000002 0.92534399 -0.96414465
-0.20000002 1.37667596 -0.67269117
-0.20000002 1.82800794 -0.27403891
-0.20000002 2.27934003 -0.14084002
-0.20000002 2.73067212 -0.09231323
-0.20000002 3.18200421 -0.06651034
-0.20000002 3.63333631 -0.05112543
-0.20000002 4.08466816 -0.04224613
-0.20000002 4.53600025 -0.03639057
-0.10000002 0.02268000 -1.00000000
-0.10000002 0.47401202 -0.99455321
-0.10000002 0.92534399 -0.95134616
-0.10000002 1.37667596 -0.49163520
-0.10000002 1.82800794 -0.13920334
-0.10000002 2.27934003 -0.07080606
-0.10000002 2.73067212 -0.04551080
-0.10000002 3.18200421 -0.03242224
-0.10000002 3.63333631 -0.02528491
-0.10000002 4.08466816 -0.02071622
-0.10000002 4.53600025 -0.01739920
-0.00000001 0.02268000 -1.00000000
-0.00000001 0.47401202 -0.99454045
-0.00000001 0.92534399 0.94277322
-0.00000001 1.37667596 0.00240839
-0.00000001 1.82800794 -0.00022165
-0.00000001 2.27934003 -0.00014838
-0.00000001 2.73067212 0.00014066
-0.00000001 3.18200421 -0.00004190
-0.00000001 3.63333631 -0.00004459
-0.00000001 4.08466816 -0.00005237
-0.00000001 4.53600025 -0.00007474
0.09999999 0.02268000 1.00000000
0.09999999 0.47401202 0.99460894
0.09999999 0.92534399 0.95123267
0.09999999 1.37667596 0.49124414
0.09999999 1.82800794 0.13936219
0.09999999 2.27934003 0.07126926
0.09999999 2.73067212 0.04555542
0.09999999 3.18200421 0.03224014
0.09999999 3.63333631 0.02521500
0.09999999 4.08466816 0.02077112
0.09999999 4.53600025 0.01766510
0.19999999 0.02268000 1.00000000
0.19999999 0.47401202 0.99469566
0.19999999 0.92534399 0.96420985
0.19999999 1.37667596 0.67297435
0.19999999 1.82800794 0.27464402
0.19999999 2.27934003 0.14108670
0.19999999 2.73067212 0.09244754
0.19999999 3.18200421 0.06652603
0.19999999 3.63333631 0.05129037
0.19999999 4.08466816 0.04221600
0.19999999 4.53600025 0.03611026
0.29999998 0.02268000 1.00000000
0.29999998 0.47401202 0.99477124
0.29999998 0.92534399 0.96875584
0.29999998 1.37667596 0.75368869
0.29999998 1.82800794 0.38204890
0.29999998 2.27934003 0.20839401
0.29999998 2.73067212 0.13580421
0.29999998 3.18200421 0.10080997
0.29999998 3.63333631 0.07855194
0.29999998 4.08466816 0.06391665
0.29999998 4.53600025 0.05316855
0.39999998 0.02268000 1.00000000
0.39999998 0.47401202 0.99476719
0.39999998 0.92534399 0.97107053
0.39999998 1.37667596 0.80641186
0.39999998 1.82800794 0.47138336
0.39999998 2.27934003 0.27092001
0.39999998 2.73067212 0.17933075
0.39999998 3.18200421 0.13309121
0.39999998 3.63333631 0.10356741
0.39999998 4.08466816 0.08481262
0.39999998 4.53600025 0.07148340
0.49999997 0.02268000 1.00000000
0.49999997 0.47401202 0.99480957
0.49999997 0.92534399 0.97918284
0.49999997 1.37667596 0.83900720
0.49999997 1.82800794 0.54622138
0.49999997 2.27934003 0.33223763
0.49999997 2.73067212 0.22333570
0.49999997 3.18200421 0.16530120
0.49999997 3.63333631 0.12913004
0.49999997 4.08466816 0.10607782
0.49999997 4.53600025 0.08941879
