-15.00000000 0.02268000 -1.00000000
-15.00000000 0.11294640 -1.00000000
-15.00000000 0.20321280 -0.99491554
-15.00000000 0.29347920 -0.99491084
-15.00000000 0.38374561 -0.99492049
-15.00000000 0.47401202 -0.99492085
-15.00000000 0.56427842 -0.99490607
-15.00000000 0.65454483 -0.99491090
-15.00000000 0.74481124 -0.99492633
-15.00000000 0.83507764 -0.99492657
-15.00000000 0.92534405 -0.99492633
-15.00000000 1.01561046 -0.99493122
-15.00000000 1.10587680 -0.99491262
-15.00000000 1.19614315 -0.99492651
-15.00000000 1.28640950 -0.99492592
-15.00000000 1.37667584 -0.99491346
-15.00000000 1.46694219 -0.99491405
-15.00000000 1.55720854 -0.99490881
-15.00000000 1.64747488 -0.99494165
-15.00000000 1.73774123 -0.99491775
-15.00000000 1.82800758 -0.99494505
-15.00000000 1.91827393 -0.99490654
-15.00000000 2.00854039 -0.99491477
-15.00000000 2.09880686 -0.99495244
-15.00000000 2.18907332 -0.99493480
-15.00000000 2.27933979 -0.99490613
-15.00000000 2.36960626 -0.99488819
-15.00000000 2.45987272 -0.99488229
-15.00000000 2.55013919 -0.99479663
-15.00000000 2.64040565 -0.99477369
-15.00000000 2.73067212 -0.99476540
-15.00000000 2.82093859 -0.99444228
-15.00000000 2.91120505 -0.99439186
-15.00000000 3.00147152 -0.99429065
-15.00000000 3.09173799 -0.99274087
-15.00000000 3.18200445 -0.99262547
-15.00000000 3.27227092 -0.99225748
-15.00000000 3.36253738 -0.99210715
-15.00000000 3.45280385 -0.98707765
-15.00000000 3.54307032 -0.98687166
-15.00000000 3.63333678 -0.98647195
-15.00000000 3.72360325 -0.98489130
-15.00000000 3.81386971 -0.98446536
-15.00000000 3.90413618 -0.98408467
-15.00000000 3.99440265 -0.97902286
-15.00000000 4.08466911 -0.97849256
-15.00000000 4.17493534 -0.97676587
-15.00000000 4.26520157 -0.97611666
-15.00000000 4.35546780 -0.97062707
-15.00000000 4.44573402 -0.96891648
-15.00000000 4.53600025 -0.96810633
-14.41176510 0.02268000 -1.00000000
-14.41176510 0.11294640 -1.00000000
-14.41176510 0.20321280 -0.99491030
-14.41176510 0.29347920 -0.99491221
-14.41176510 0.38374561 -0.99492967
-14.41176510 0.47401202 -0.99492407
-14.41176510 0.56427842 -0.99491775
-14.41176510 0.65454483 -0.99492955
-14.41176510 0.74481124 -0.99491709
-14.41176510 0.83507764 -0.99490333
-14.41176510 0.92534405 -0.99490553
-14.41176510 1.01561046 -0.99491745
-14.41176510 1.10587680 -0.99491990
-14.41176510 1.19614315 -0.99490941
-14.41176510 1.28640950 -0.99490786
-14.41176510 1.37667584 -0.99491990
-14.41176510 1.46694219 -0.99494302
-14.41176510 1.55720854 -0.99493247
-14.41176510 1.64747488 -0.99491674
-14.41176510 1.73774123 -0.99492592
-14.41176510 1.82800758 -0.99493045
-14.41176510 1.91827393 -0.99490917
-14.41176510 2.00854039 -0.99492043
-14.41176510 2.09880686 -0.99489480
-14.41176510 2.18907332 -0.99489295
-14.41176510 2.27933979 -0.99490273
-14.41176510 2.36960626 -0.99488097
-14.41176510 2.45987272 -0.99481016
-14.41176510 2.55013919 -0.99481356
-14.41176510 2.64040565 -0.99475878
-14.41176510 2.73067212 -0.99442858
-14.41176510 2.82093859 -0.99439096
-14.41176510 2.91120505 -0.99431115
-14.41176510 3.00147152 -0.99269789
-14.41176510 3.09173799 -0.99258220
-14.41176510 3.18200445 -0.99226171
-14.41176510 3.27227092 -0.99210083
-14.41176510 3.36253738 -0.98710370
-14.41176510 3.45280385 -0.98686337
-14.41176510 3.54307032 -0.98636937
-14.41176510 3.63333678 -0.98485386
-14.41176510 3.72360325 -0.98422974
-14.41176510 3.81386971 -0.97916836
-14.41176510 3.90413618 -0.97867066
-14.41176510 3.99440265 -0.97686917
-14.41176510 4.08466911 -0.97629374
-14.41176510 4.17493534 -0.97107577
-14.41176510 4.26520157 -0.97044057
-14.41176510 4.35546780 -0.96877968
-14.41176510 4.44573402 -0.96319181
-14.41176510 4.53600025 -0.96249145
-13.82353020 0.02268000 -1.00000000
-13.82353020 0.11294640 -1.00000000
-13.82353020 0.20321280 -0.99492556
-13.82353020 0.29347920 -0.99492222
-13.82353020 0.38374561 -0.99494559
-13.82353020 0.47401202 -0.99491686
-13.82353020 0.56427842 -0.99494368
-13.82353020 0.65454483 -0.99491751
-13.82353020 0.74481124 -0.99494523
-13.82353020 0.83507764 -0.99492764
-13.82353020 0.92534405 -0.99492019
-13.82353020 1.01561046 -0.99493617
-13.82353020 1.10587680 -0.99493569
-13.82353020 1.19614315 -0.99491984
-13.82353020 1.28640950 -0.99490798
-13.82353020 1.37667584 -0.99492836
-13.82353020 1.46694219 -0.99495071
-13.82353020 1.55720854 -0.99494213
-13.82353020 1.64747488 -0.99493593
-13.82353020 1.73774123 -0.99493062
-13.82353020 1.82800758 -0.99492908
-13.82353020 1.91827393 -0.99491578
-13.82353020 2.00854039 -0.99491429
-13.82353020 2.09880686 -0.99491209
-13.82353020 2.18907332 -0.99489295
-13.82353020 2.27933979 -0.99491274
-13.82353020 2.36960626 -0.99480319
-13.82353020 2.45987272 -0.99480283
-13.82353020 2.55013919 -0.99476057
-13.82353020 2.64040565 -0.99440628
-13.82353020 2.73067212 -0.99439842
-13.82353020 2.82093859 -0.99428135
-13.82353020 2.91120505 -0.99273330
-13.82353020 3.00147152 -0.99262935
-13.82353020 3.09173799 -0.99221212
-13.82353020 3.18200445 -0.99211597
-13.82353020 3.27227092 -0.98696238
-13.82353020 3.36253738 -0.98650461
-13.82353020 3.45280385 -0.98636854
-13.82353020 3.54307032 -0.98475868
-13.82353020 3.63333678 -0.98408836
-13.82353020 3.72360325 -0.97904968
-13.82353020 3.81386971 -0.97831094
-13.82353020 3.90413618 -0.97674084
-13.82353020 3.99440265 -0.97624403
-13.82353020 4.08466911 -0.97055876
-13.82353020 4.17493534 -0.96890610
-13.82353020 4.26520157 -0.96799117
-13.82353020 4.35546780 -0.96257800
-13.82353020 4.44573402 -0.96057492
-13.82353020 4.53600025 -0.95523858
-13.23529530 0.02268000 -1.00000000
-13.23529530 0.11294640 -1.00000000
-13.23529530 0.20321280 -0.99494070
-13.23529530 0.29347920 -0.99492615
-13.23529530 0.38374561 -0.99493384
-13.23529530 0.47401202 -0.99492186
-13.23529530 0.56427842 -0.99493015
-13.23529530 0.65454483 -0.99494129
-13.23529530 0.74481124 -0.99492478
-13.23529530 0.83507764 -0.99493468
-13.23529530 0.92534405 -0.99492884
-13.23529530 1.01561046 -0.99491906
-13.23529530 1.10587680 -0.99491900
-13.23529530 1.19614315 -0.99491078
-13.23529530 1.28640950 -0.99494219
-13.23529530 1.37667584 -0.99491543
-13.23529530 1.46694219 -0.99489450
-13.23529530 1.55720854 -0.99491769
-13.23529530 1.64747488 -0.99492663
-13.23529530 1.73774123 -0.99488646
-13.23529530 1.82800758 -0.99491066
-13.23529530 1.91827393 -0.99490762
-13.23529530 2.00854039 -0.99490559
-13.23529530 2.09880686 -0.99489939
-13.23529530 2.18907332 -0.99487108
-13.23529530 2.27933979 -0.99480373
-13.23529530 2.36960626 -0.99478674
-13.23529530 2.45987272 -0.99476379
-13.23529530 2.55013919 -0.99442083
-13.23529530 2.64040565 -0.99439722
-13.23529530 2.73067212 -0.99425596
-13.23529530 2.82093859 -0.99272412
-13.23529530 2.91120505 -0.99263990
-13.23529530 3.00147152 -0.99222386
-13.23529530 3.09173799 -0.99207360
-13.23529530 3.18200445 -0.98687208
-13.23529530 3.27227092 -0.98650157
-13.23529530 3.36253738 -0.98489684
-13.23529530 3.45280385 -0.98459709
-13.23529530 3.54307032 -0.98410273
-13.23529530 3.63333678 -0.97890759
-13.23529530 3.72360325 -0.97685868
-13.23529530 3.81386971 -0.97633290
-13.23529530 3.90413618 -0.97103715
-13.23529530 3.99440265 -0.97039765
-13.23529530 4.08466911 -0.96815455
-13.23529530 4.17493534 -0.96303886
-13.23529530 4.26520157 -0.96068740
-13.23529530 4.35546780 -0.96011174
-13.23529530 4.44573402 -0.95434850
-13.23529530 4.53600025 -0.95255816
-12.64706039 0.02268000 -1.00000000
-12.64706039 0.11294640 -1.00000000
-12.64706039 0.20321280 -0.99491006
-12.64706039 0.29347920 -0.99491423
-12.64706039 0.38374561 -0.99492991
-12.64706039 0.47401202 -0.99492687
-12.64706039 0.56427842 -0.99491197
-12.64706039 0.65454483 -0.99493736
-12.64706039 0.74481124 -0.99490285
-12.64706039 0.83507764 -0.99492395
-12.64706039 0.92534405 -0.99491161
-12.64706039 1.01561046 -0.99493372
-12.64706039 1.10587680 -0.99493057
-12.64706039 1.19614315 -0.99492019
-12.64706039 1.28640950 -0.99492788
-12.64706039 1.37667584 -0.99493557
-12.64706039 1.46694219 -0.99489564
-12.64706039 1.55720854 -0.99494201
-12.64706039 1.64747488 -0.99490285
-12.64706039 1.73774123 -0.99492580
-12.64706039 1.82800758 -0.99490798
-12.64706039 1.91827393 -0.99490803
-12.64706039 2.00854039 -0.99489635
-12.64706039 2.09880686 -0.99488109
-12.64706039 2.18907332 -0.99482912
-12.64706039 2.27933979 -0.99478334
-12.64706039 2.36960626 -0.99475759
-12.64706039 2.45987272 -0.99440277
-12.64706039 2.55013919 -0.99439174
-12.64706039 2.64040565 -0.99429286
-12.64706039 2.73067212 -0.99269968
-12.64706039 2.82093859 -0.99261123
-12.64706039 2.91120505 -0.99220073
-12.64706039 3.00147152 -0.99208093
-12.64706039 3.09173799 -0.98687094
-12.64706039 3.18200445 -0.98643249
-12.64706039 3.27227092 -0.98483783
-12.64706039 3.36253738 -0.98425633
-12.64706039 3.45280385 -0.97910464
-12.64706039 3.54307032 -0.97842896
-12.64706039 3.63333678 -0.97676772
-12.64706039 3.72360325 -0.97594732
-12.64706039 3.81386971 -0.97062343
-12.64706039 3.90413618 -0.96863544
-12.64706039 3.99440265 -0.96784210
-12.64706039 4.08466911 -0.96214879
-12.64706039 4.17493534 -0.96043080
-12.64706039 4.26520157 -0.95471382
-12.64706039 4.35546780 -0.95265293
-12.64706039 4.44573402 -0.94697487
-12.64706039 4.53600025 -0.94436550
-12.05882549 0.02268000 -1.00000000
-12.05882549 0.11294640 -1.00000000
-12.05882549 0.20321280 -0.99493313
-12.05882549 0.29347920 -0.99491662
-12.05882549 0.38374561 -0.99493980
-12.05882549 0.47401202 -0.99492872
-12.05882549 0.56427842 -0.99494028
-12.05882549 0.65454483 -0.99492931
-12.05882549 0.74481124 -0.99493700
-12.05882549 0.83507764 -0.99493253
-12.05882549 0.92534405 -0.99492848
-12.05882549 1.01561046 -0.99493784
-12.05882549 1.10587680 -0.99493897
-12.05882549 1.19614315 -0.99490696
-12.05882549 1.28640950 -0.99491990
-12.05882549 1.37667584 -0.99492747
-12.05882549 1.46694219 -0.99492210
-12.05882549 1.55720854 -0.99492484
-12.05882549 1.64747488 -0.99492347
-12.05882549 1.73774123 -0.99491745
-12.05882549 1.82800758 -0.99491310
-12.05882549 1.91827393 -0.99488771
-12.05882549 2.00854039 -0.99488574
-12.05882549 2.09880686 -0.99487424
-12.05882549 2.18907332 -0.99478167
-12.05882549 2.27933979 -0.99475563
-12.05882549 2.36960626 -0.99444103
-12.05882549 2.45987272 -0.99439186
-12.05882549 2.55013919 -0.99423659
-12.05882549 2.64040565 -0.99272424
-12.05882549 2.73067212 -0.99258357
-12.05882549 2.82093859 -0.99220955
-12.05882549 2.91120505 -0.98701358
-12.05882549 3.00147152 -0.98682266
-12.05882549 3.09173799 -0.98637587
-12.05882549 3.18200445 -0.98461241
-12.05882549 3.27227092 -0.98411900
-12.05882549 3.36253738 -0.97898757
-12.05882549 3.45280385 -0.97824585
-12.05882549 3.54307032 -0.97628212
-12.05882549 3.63333678 -0.97102356
-12.05882549 3.72360325 -0.97037047
-12.05882549 3.81386971 -0.96813649
-12.05882549 3.90413618 -0.96292615
-12.05882549 3.99440265 -0.96049339
-12.05882549 4.08466911 -0.95481473
-12.05882549 4.17493534 -0.95399964
-12.05882549 4.26520157 -0.95163357
-12.05882549 4.35546780 -0.94573826
-12.05882549 4.44573402 -0.94351357
-12.05882549 4.53600025 -0.93756026
-11.47059059 0.02268000 -1.00000000
-11.47059059 0.11294640 -1.00000000
-11.47059059 0.20321280 -0.99490565
-11.47059059 0.29347920 -0.99490845
-11.47059059 0.38374561 -0.99491358
-11.47059059 0.47401202 -0.99492186
-11.47059059 0.56427842 -0.99493033
-11.47059059 0.65454483 -0.99491358
-11.47059059 0.74481124 -0.99491745
-11.47059059 0.83507764 -0.99493730
-11.47059059 0.92534405 -0.99492431
-11.47059059 1.01561046 -0.99492276
-11.47059059 1.10587680 -0.99491030
-11.47059059 1.19614315 -0.99493259
-11.47059059 1.28640950 -0.99494982
-11.47059059 1.37667584 -0.99492800
-11.47059059 1.46694219 -0.99493039
-11.47059059 1.55720854 -0.99490476
-11.47059059 1.64747488 -0.99491787
-11.47059059 1.73774123 -0.99492615
-11.47059059 1.82800758 -0.99490762
-11.47059059 1.91827393 -0.99486548
-11.47059059 2.00854039 -0.99488342
-11.47059059 2.09880686 -0.99478710
-11.47059059 2.18907332 -0.99475306
-11.47059059 2.27933979 -0.99442542
-11.47059059 2.36960626 -0.99440229
-11.47059059 2.45987272 -0.99423498
-11.47059059 2.55013919 -0.99271423
-11.47059059 2.64040565 -0.99258232
-11.47059059 2.73067212 -0.99214453
-11.47059059 2.82093859 -0.98696202
-11.47059059 2.91120505 -0.98645300
-11.47059059 3.00147152 -0.98626465
-11.47059059 3.09173799 -0.98450583
-11.47059059 3.18200445 -0.98404706
-11.47059059 3.27227092 -0.97842199
-11.47059059 3.36253738 -0.97674805
-11.47059059 3.45280385 -0.97592163
-11.47059059 3.54307032 -0.97046095
-11.47059059 3.63333678 -0.96852767
-11.47059059 3.72360325 -0.96295601
-11.47059059 3.81386971 -0.96200413
-11.47059059 3.90413618 -0.95962065
-11.47059059 3.99440265 -0.95413780
-11.47059059 4.08466911 -0.95170408
-11.47059059 4.17493534 -0.94584292
-11.47059059 4.26520157 -0.94352126
-11.47059059 4.35546780 -0.93765903
-11.47059059 4.44573402 -0.93501318
-11.47059059 4.53600025 -0.92904919
-10.88235569 0.02268000 -1.00000000
-10.88235569 0.11294640 -1.00000000
-10.88235569 0.20321280 -0.99494183
-10.88235569 0.29347920 -0.99493152
-10.88235569 0.38374561 -0.99492002
-10.88235569 0.47401202 -0.99491262
-10.88235569 0.56427842 -0.99494028
-10.88235569 0.65454483 -0.99491358
-10.88235569 0.74481124 -0.99493015
-10.88235569 0.83507764 -0.99491531
-10.88235569 0.92534405 -0.99492288
-10.88235569 1.01561046 -0.99493396
-10.88235569 1.10587680 -0.99491048
-10.88235569 1.19614315 -0.99490589
-10.88235569 1.28640950 -0.99492228
-10.88235569 1.37667584 -0.99492323
-10.88235569 1.46694219 -0.99492830
-10.88235569 1.55720854 -0.99492902
-10.88235569 1.64747488 -0.99492425
-10.88235569 1.73774123 -0.99491537
-10.88235569 1.82800758 -0.99489695
-10.88235569 1.91827393 -0.99488431
-10.88235569 2.00854039 -0.99480212
-10.88235569 2.09880686 -0.99476331
-10.88235569 2.18907332 -0.99442905
-10.88235569 2.27933979 -0.99439025
-10.88235569 2.36960626 -0.99421370
-10.88235569 2.45987272 -0.99270529
-10.88235569 2.55013919 -0.99255580
-10.88235569 2.64040565 -0.99210691
-10.88235569 2.73067212 -0.98689997
-10.88235569 2.82093859 -0.98645377
-10.88235569 2.91120505 -0.98468494
-10.88235569 3.00147152 -0.98417377
-10.88235569 3.09173799 -0.97907740
-10.88235569 3.18200445 -0.97832119
-10.88235569 3.27227092 -0.97660851
-10.88235569 3.36253738 -0.97085726
-10.88235569 3.45280385 -0.96998876
-10.88235569 3.54307032 -0.96796566
-10.88235569 3.63333678 -0.96222556
-10.88235569 3.72360325 -0.95996255
-10.88235569 3.81386971 -0.95454705
-10.88235569 3.90413618 -0.95207542
-10.88235569 3.99440265 -0.94610804
-10.88235569 4.08466911 -0.94391686
-10.88235569 4.17493534 -0.93793941
-10.88235569 4.26520157 -0.93501401
-10.88235569 4.35546780 -0.92896134
-10.88235569 4.44573402 -0.92169839
-10.88235569 4.53600025 -0.91944116
-10.29412079 0.02268000 -1.00000000
-10.29412079 0.11294640 -1.00000000
-10.29412079 0.20321280 -0.99491054
-10.29412079 0.29347920 -0.99488997
-10.29412079 0.38374561 -0.99490553
-10.29412079 0.47401202 -0.99491745
-10.29412079 0.56427842 -0.99490917
-10.29412079 0.65454483 -0.99491566
-10.29412079 0.74481124 -0.99493194
-10.29412079 0.83507764 -0.99491495
-10.29412079 0.92534405 -0.99492311
-10.29412079 1.01561046 -0.99493653
-10.29412079 1.10587680 -0.99492383
-10.29412079 1.19614315 -0.99492812
-10.29412079 1.28640950 -0.99491286
-10.29412079 1.37667584 -0.99490684
-10.29412079 1.46694219 -0.99492049
-10.29412079 1.55720854 -0.99490565
-10.29412079 1.64747488 -0.99490112
-10.29412079 1.73774123 -0.99488783
-10.29412079 1.82800758 -0.99489236
-10.29412079 1.91827393 -0.99477911
-10.29412079 2.00854039 -0.99472767
-10.29412079 2.09880686 -0.99445093
-10.29412079 2.18907332 -0.99439204
-10.29412079 2.27933979 -0.99420691
-10.29412079 2.36960626 -0.99270493
-10.29412079 2.45987272 -0.99222106
-10.29412079 2.55013919 -0.99201417
-10.29412079 2.64040565 -0.98685777
-10.29412079 2.73067212 -0.98642272
-10.29412079 2.82093859 -0.98462230
-10.29412079 2.91120505 -0.98404884
-10.29412079 3.00147152 -0.97869277
-10.29412079 3.09173799 -0.97673154
-10.29412079 3.18200445 -0.97601640
-10.29412079 3.27227092 -0.97075784
-10.29412079 3.36253738 -0.96831322
-10.29412079 3.45280385 -0.96261883
-10.29412079 3.54307032 -0.96049732
-10.29412079 3.63333678 -0.95461756
-10.29412079 3.72360325 -0.95213109
-10.29412079 3.81386971 -0.94624424
-10.29412079 3.90413618 -0.94397217
-10.29412079 3.99440265 -0.93794411
-10.29412079 4.08466911 -0.93519723
-10.29412079 4.17493534 -0.92899925
-10.29412079 4.26520157 -0.92598134
-10.29412079 4.35546780 -0.91862679
-10.29412079 4.44573402 -0.91227001
-10.29412079 4.53600025 -0.90910023
-9.70588589 0.02268000 -1.00000000
-9.70588589 0.11294640 -1.00000000
-9.70588589 0.20321280 -0.99491554
-9.70588589 0.29347920 -0.99491346
-9.70588589 0.38374561 -0.99492103
-9.70588589 0.47401202 -0.99491811
-9.70588589 0.56427842 -0.99491811
-9.70588589 0.65454483 -0.99493051
-9.70588589 0.74481124 -0.99490684
-9.70588589 0.83507764 -0.99493980
-9.70588589 0.92534405 -0.99492127
-9.70588589 1.01561046 -0.99490976
-9.70588589 1.10587680 -0.99492711
-9.70588589 1.19614315 -0.99494570
-9.70588589 1.28640950 -0.99492878
-9.70588589 1.37667584 -0.99493325
-9.70588589 1.46694219 -0.99490237
-9.70588589 1.55720854 -0.99492735
-9.70588589 1.64747488 -0.99491191
-9.70588589 1.73774123 -0.99488550
-9.70588589 1.82800758 -0.99478453
-9.70588589 1.91827393 -0.99474913
-9.70588589 2.00854039 -0.99444461
-9.70588589 2.09880686 -0.99439293
-9.70588589 2.18907332 -0.99423414
-9.70588589 2.27933979 -0.99258864
-9.70588589 2.36960626 -0.99223524
-9.70588589 2.45987272 -0.99198985
-9.70588589 2.55013919 -0.98682582
-9.70588589 2.64040565 -0.98619813
-9.70588589 2.73067212 -0.98451483
-9.70588589 2.82093859 -0.98385131
-9.70588589 2.91120505 -0.97829932
-9.70588589 3.00147152 -0.97639233
-9.70588589 3.09173799 -0.97088319
-9.70588589 3.18200445 -0.96992296
-9.70588589 3.27227092 -0.96747118
-9.70588589 3.36253738 -0.96195889
-9.70588589 3.45280385 -0.95942456
-9.70588589 3.54307032 -0.95357460
-9.70588589 3.63333678 -0.95091170
-9.70588589 3.72360325 -0.94482619
-9.70588589 3.81386971 -0.93798810
-9.70588589 3.90413618 -0.93509305
-9.70588589 3.99440265 -0.92881203
-9.70588589 4.08466911 -0.92574877
-9.70588589 4.17493534 -0.91829938
-9.70588589 4.26520157 -0.91206634
-9.70588589 4.35546780 -0.90464830
-9.70588589 4.44573402 -0.90140969
-9.70588589 4.53600025 -0.89489341
-9.11765099 0.02268000 -1.00000000
-9.11765099 0.11294640 -1.00000000
-9.11765099 0.20321280 -0.99491251
-9.11765099 0.29347920 -0.99492198
-9.11765099 0.38374561 -0.99492455
-9.11765099 0.47401202 -0.99493259
-9.11765099 0.56427842 -0.99492699
-9.11765099 0.65454483 -0.99494070
-9.11765099 0.74481124 -0.99493593
-9.11765099 0.83507764 -0.99491638
-9.11765099 0.92534405 -0.99493462
-9.11765099 1.01561046 -0.99489689
-9.11765099 1.10587680 -0.99491978
-9.11765099 1.19614315 -0.99493492
-9.11765099 1.28640950 -0.99492091
-9.11765099 1.37667584 -0.99492407
-9.11765099 1.46694219 -0.99491554
-9.11765099 1.55720854 -0.99489480
-9.11765099 1.64747488 -0.99486762
-9.11765099 1.73774123 -0.99481386
-9.11765099 1.82800758 -0.99474150
-9.11765099 1.91827393 -0.99443442
-9.11765099 2.00854039 -0.99433315
-9.11765099 2.09880686 -0.99419850
-9.11765099 2.18907332 -0.99256277
-9.11765099 2.27933979 -0.99218577
-9.11765099 2.36960626 -0.98698276
-9.11765099 2.45987272 -0.98677135
-9.11765099 2.55013919 -0.98613393
-9.11765099 2.64040565 -0.98419023
-9.11765099 2.73067212 -0.97884083
-9.11765099 2.82093859 -0.97816682
-9.11765099 2.91120505 -0.97589689
-9.11765099 3.00147152 -0.97044253
-9.11765099 3.09173799 -0.96804911
-9.11765099 3.18200445 -0.96232885
-9.11765099 3.27227092 -0.95979369
-9.11765099 3.36253738 -0.95396870
-9.11765099 3.45280385 -0.95130718
-9.11765099 3.54307032 -0.94498277
-9.11765099 3.63333678 -0.94207227
-9.11765099 3.72360325 -0.93511438
-9.11765099 3.81386971 -0.92892820
-9.11765099 3.90413618 -0.92564303
-9.11765099 3.99440265 -0.91811728
-9.11765099 4.08466911 -0.91172093
-9.11765099 4.17493534 -0.90421396
-9.11765099 4.26520157 -0.90060341
-9.11765099 4.35546780 -0.89307743
-9.11765099 4.44573402 -0.88644409
-9.11765099 4.53600025 -0.87811863
-8.52941608 0.02268000 -1.00000000
-8.52941608 0.11294640 -1.00000000
-8.52941608 0.20321280 -0.99493051
-8.52941608 0.29347920 -0.99491280
-8.52941608 0.38374561 -0.99491894
-8.52941608 0.47401202 -0.99491626
-8.52941608 0.56427842 -0.99493164
-8.52941608 0.65454483 -0.99493247
-8.52941608 0.74481124 -0.99492663
-8.52941608 0.83507764 -0.99492127
-8.52941608 0.92534405 -0.99491018
-8.52941608 1.01561046 -0.99493396
-8.52941608 1.10587680 -0.99493080
-8.52941608 1.19614315 -0.99493271
-8.52941608 1.28640950 -0.99491495
-8.52941608 1.37667584 -0.99493068
-8.52941608 1.46694219 -0.99492627
-8.52941608 1.55720854 -0.99487215
-8.52941608 1.64747488 -0.99482638
-8.52941608 1.73774123 -0.99475563
-8.52941608 1.82800758 -0.99442691
-8.52941608 1.91827393 -0.99431890
-8.52941608 2.00854039 -0.99272895
-8.52941608 2.09880686 -0.99260706
-8.52941608 2.18907332 -0.99210602
-8.52941608 2.27933979 -0.98691624
-8.52941608 2.36960626 -0.98633558
-8.52941608 2.45987272 -0.98460948
-8.52941608 2.55013919 -0.98387283
-8.52941608 2.64040565 -0.97862965
-8.52941608 2.73067212 -0.97645509
-8.52941608 2.82093859 -0.97056985
-8.52941608 2.91120505 -0.96984839
-8.52941608 3.00147152 -0.96737707
-8.52941608 3.09173799 -0.96136791
-8.52941608 3.18200445 -0.95883507
-8.52941608 3.27227092 -0.95139873
-8.52941608 3.36253738 -0.94521326
-8.52941608 3.45280385 -0.94208115
-8.52941608 3.54307032 -0.93581653
-8.52941608 3.63333678 -0.92828566
-8.52941608 3.72360325 -0.92493725
-8.52941608 3.81386971 -0.91735679
-8.52941608 3.90413618 -0.91066563
-8.52941608 3.99440265 -0.90307486
-8.52941608 4.08466911 -0.89944971
-8.52941608 4.17493534 -0.89160240
-8.52941608 4.26520157 -0.88367766
-8.52941608 4.35546780 -0.87677151
-8.52941608 4.44573402 -0.86906773
-8.52941608 4.53600025 -0.86035168
-7.94118071 0.02268000 -1.00000000
-7.94118071 0.11294640 -1.00000000
-7.94118071 0.20321280 -0.99490935
-7.94118071 0.29347920 -0.99491310
-7.94118071 0.38374561 -0.99494314
-7.94118071 0.47401202 -0.99489981
-7.94118071 0.56427842 -0.99489290
-7.94118071 0.65454483 -0.99493653
-7.94118071 0.74481124 -0.99493605
-7.94118071 0.83507764 -0.99493003
-7.94118071 0.92534405 -0.99492544
-7.94118071 1.01561046 -0.99490660
-7.94118071 1.10587680 -0.99493277
-7.94118071 1.19614315 -0.99490523
-7.94118071 1.28640950 -0.99493122
-7.94118071 1.37667584 -0.99491030
-7.94118071 1.46694219 -0.99488020
-7.94118071 1.55720854 -0.99487841
-7.94118071 1.64747488 -0.99477577
-7.94118071 1.73774123 -0.99442667
-7.94118071 1.82800758 -0.99432570
-7.94118071 1.91827393 -0.99272501
-7.94118071 2.00854039 -0.99259228
-7.94118071 2.09880686 -0.99212486
-7.94118071 2.18907332 -0.98690134
-7.94118071 2.27933979 -0.98624742
-7.94118071 2.36960626 -0.98451793
-7.94118071 2.45987272 -0.98383254
-7.94118071 2.55013919 -0.97800314
-7.94118071 2.64040565 -0.97593480
-7.94118071 2.73067212 -0.97033286
-7.94118071 2.82093859 -0.96775979
-7.94118071 2.91120505 -0.96182257
-7.94118071 3.00147152 -0.95887470
-7.94118071 3.09173799 -0.95277482
-7.94118071 3.18200445 -0.94529283
-7.94118071 3.27227092 -0.94233876
-7.94118071 3.36253738 -0.93582290
-7.94118071 3.45280385 -0.92829382
-7.94118071 3.54307032 -0.92474210
-7.94118071 3.63333678 -0.91693878
-7.94118071 3.72360325 -0.91024703
-7.94118071 3.81386971 -0.90256000
-7.94118071 3.90413618 -0.89372158
-7.94118071 3.99440265 -0.88987446
-7.94118071 4.08466911 -0.88183832
-7.94118071 4.17493534 -0.87389153
-7.94118071 4.26520157 -0.86581689
-7.94118071 4.35546780 -0.85698134
-7.94118071 4.44573402 -0.84991348
-7.94118071 4.53600025 -0.84164941
-7.35294533 0.02268000 -1.00000000
-7.35294533 0.11294640 -0.99492496
-7.35294533 0.20321280 -0.99493933
-7.35294533 0.29347920 -0.99493432
-7.35294533 0.38374561 -0.99493688
-7.35294533 0.47401202 -0.99492115
-7.35294533 0.56427842 -0.99493665
-7.35294533 0.65454483 -0.99493468
-7.35294533 0.74481124 -0.99492532
-7.35294533 0.83507764 -0.99493146
-7.35294533 0.92534405 -0.99493289
-7.35294533 1.01561046 -0.99492252
-7.35294533 1.10587680 -0.99491698
-7.35294533 1.19614315 -0.99491072
-7.35294533 1.28640950 -0.99491775
-7.35294533 1.37667584 -0.99490589
-7.35294533 1.46694219 -0.99487722
-7.35294533 1.55720854 -0.99477756
-7.35294533 1.64747488 -0.99443322
-7.35294533 1.73774123 -0.99431551
-7.35294533 1.82800758 -0.99271840
-7.35294533 1.91827393 -0.99253774
-7.35294533 2.00854039 -0.99200904
-7.35294533 2.09880686 -0.98678017
-7.35294533 2.18907332 -0.98614722
-7.35294533 2.27933979 -0.98399097
-7.35294533 2.36960626 -0.97859567
-7.35294533 2.45987272 -0.97641176
-7.35294533 2.55013919 -0.97544253
-7.35294533 2.64040565 -0.96948671
-7.35294533 2.73067212 -0.96198356
-7.35294533 2.82093859 -0.95934129
-7.35294533 2.91120505 -0.95318592
-7.35294533 3.00147152 -0.95010179
-7.35294533 3.09173799 -0.94242167
-7.35294533 3.18200445 -0.93586934
-7.35294533 3.27227092 -0.93251318
-7.35294533 3.36253738 -0.92474884
-7.35294533 3.45280385 -0.91595745
-7.35294533 3.54307032 -0.90913624
-7.35294533 3.63333678 -0.90086633
-7.35294533 3.72360325 -0.89293826
-7.35294533 3.81386971 -0.88395774
-7.35294533 3.90413618 -0.87996745
-7.35294533 3.99440265 -0.87156373
-7.35294533 4.08466911 -0.86324656
-7.35294533 4.17493534 -0.85408169
-7.35294533 4.26520157 -0.84561682
-7.35294533 4.35546780 -0.83736032
-7.35294533 4.44573402 -0.82836550
-7.35294533 4.53600025 -0.81969565
-6.76470995 0.02268000 -1.00000000
-6.76470995 0.11294640 -0.99493545
-6.76470995 0.20321280 -0.99490976
-6.76470995 0.29347920 -0.99491775
-6.76470995 0.38374561 -0.99493557
-6.76470995 0.47401202 -0.99493372
-6.76470995 0.56427842 -0.99492270
-6.76470995 0.65454483 -0.99491143
-6.76470995 0.74481124 -0.99490333
-6.76470995 0.83507764 -0.99492747
-6.76470995 0.92534405 -0.99494189
-6.76470995 1.01561046 -0.99491578
-6.76470995 1.10587680 -0.99492490
-6.76470995 1.19614315 -0.99492234
-6.76470995 1.28640950 -0.99489456
-6.76470995 1.37667584 -0.99484438
-6.76470995 1.46694219 -0.99476731
-6.76470995 1.55720854 -0.99442768
-6.76470995 1.64747488 -0.99432194
-6.76470995 1.73774123 -0.99269539
-6.76470995 1.82800758 -0.99248028
-6.76470995 1.91827393 -0.99196213
-6.76470995 2.00854039 -0.98663330
-6.76470995 2.09880686 -0.98463213
-6.76470995 2.18907332 -0.98387063
-6.76470995 2.27933979 -0.97807503
-6.76470995 2.36960626 -0.97598302
-6.76470995 2.45987272 -0.96995336
-6.76470995 2.55013919 -0.96704590
-6.76470995 2.64040565 -0.96091205
-6.76470995 2.73067212 -0.95808983
-6.76470995 2.82093859 -0.95038855
-6.76470995 2.91120505 -0.94366795
-6.76470995 3.00147152 -0.93596888
-6.76470995 3.09173799 -0.93191695
-6.76470995 3.18200445 -0.92388004
-6.76470995 3.27227092 -0.91555905
-6.76470995 3.36253738 -0.90861338
-6.76470995 3.45280385 -0.89958596
-6.76470995 3.54307032 -0.89099532
-6.76470995 3.63333678 -0.88302529
-6.76470995 3.72360325 -0.87367141
-6.76470995 3.81386971 -0.86525184
-6.76470995 3.90413618 -0.85572630
-6.76470995 3.99440265 -0.84686798
-6.76470995 4.08466911 -0.83874035
-6.76470995 4.17493534 -0.82926476
-6.76470995 4.26520157 -0.81937462
-6.76470995 4.35546780 -0.80987585
-6.76470995 4.44573402 -0.80131370
-6.76470995 4.53600025 -0.79145312
-6.17647457 0.02268000 -1.00000000
-6.17647457 0.11294640 -0.99495363
-6.17647457 0.20321280 -0.99492258
-6.17647457 0.29347920 -0.99491000
-6.17647457 0.38374561 -0.99492776
-6.17647457 0.47401202 -0.99491113
-6.17647457 0.56427842 -0.99494058
-6.17647457 0.65454483 -0.99492246
-6.17647457 0.74481124 -0.99491566
-6.17647457 0.83507764 -0.99490494
-6.17647457 0.92534405 -0.99493021
-6.17647457 1.01561046 -0.99493033
-6.17647457 1.10587680 -0.99491233
-6.17647457 1.19614315 -0.99489856
-6.17647457 1.28640950 -0.99491698
-6.17647457 1.37667584 -0.99475652
-6.17647457 1.46694219 -0.99475294
-6.17647457 1.55720854 -0.99435437
-6.17647457 1.64747488 -0.99270087
-6.17647457 1.73774123 -0.99247092
-6.17647457 1.82800758 -0.99194407
-6.17647457 1.91827393 -0.98624820
-6.17647457 2.00854039 -0.98440230
-6.17647457 2.09880686 -0.97849596
-6.17647457 2.18907332 -0.97757888
-6.17647457 2.27933979 -0.97508055
-6.17647457 2.36960626 -0.96901244
-6.17647457 2.45987272 -0.96134120
-6.17647457 2.55013919 -0.95849758
-6.17647457 2.64040565 -0.95185256
-6.17647457 2.73067212 -0.94392443
-6.17647457 2.82093859 -0.93998510
-6.17647457 2.91120505 -0.93165076
-6.17647457 3.00147152 -0.92347175
-6.17647457 3.09173799 -0.91455072
-6.17647457 3.18200445 -0.90715587
-6.17647457 3.27227092 -0.89784378
-6.17647457 3.36253738 -0.88923550
-6.17647457 3.45280385 -0.88068503
-6.17647457 3.54307032 -0.87116659
-6.17647457 3.63333678 -0.86118418
-6.17647457 3.72360325 -0.85156751
-6.17647457 3.81386971 -0.84151000
-6.17647457 3.90413618 -0.83235800
-6.17647457 3.99440265 -0.81886512
-6.17647457 4.08466911 -0.81012964
-6.17647457 4.17493534 -0.79989833
-6.17647457 4.26520157 -0.79005533
-6.17647457 4.35546780 -0.78041804
-6.17647457 4.44573402 -0.77145153
-6.17647457 4.53600025 -0.75844002
-5.58823919 0.02268000 -1.00000000
-5.58823919 0.11294640 -0.99492258
-5.58823919 0.20321280 -0.99493033
-5.58823919 0.29347920 -0.99492604
-5.58823919 0.38374561 -0.99491423
-5.58823919 0.47401202 -0.99493212
-5.58823919 0.56427842 -0.99491137
-5.58823919 0.65454483 -0.99490058
-5.58823919 0.74481124 -0.99491006
-5.58823919 0.83507764 -0.99492234
-5.58823919 0.92534405 -0.99492580
-5.58823919 1.01561046 -0.99490577
-5.58823919 1.10587680 -0.99489272
-5.58823919 1.19614315 -0.99487734
-5.58823919 1.28640950 -0.99477643
-5.58823919 1.37667584 -0.99468726
-5.58823919 1.46694219 -0.99429727
-5.58823919 1.55720854 -0.99272573
-5.58823919 1.64747488 -0.99213296
-5.58823919 1.73774123 -0.98681265
-5.58823919 1.82800758 -0.98607874
-5.58823919 1.91827393 -0.98422682
-5.58823919 2.00854039 -0.97827953
-5.58823919 2.09880686 -0.97585058
-5.58823919 2.18907332 -0.96978223
-5.58823919 2.27933979 -0.96650100
-5.58823919 2.36960626 -0.96014720
-5.58823919 2.45987272 -0.95224583
-5.58823919 2.55013919 -0.94837695
-5.58823919 2.64040565 -0.93996674
-5.58823919 2.73067212 -0.93165743
-5.58823919 2.82093859 -0.92275131
-5.58823919 2.91120505 -0.91386580
-5.58823919 3.00147152 -0.90580702
-5.58823919 3.09173799 -0.89570880
-5.58823919 3.18200445 -0.88599879
-5.58823919 3.27227092 -0.87630218
-5.58823919 3.36253738 -0.86685485
-5.58823919 3.45280385 -0.85697019
-5.58823919 3.54307032 -0.84273970
-5.58823919 3.63333678 -0.83338475
-5.58823919 3.72360325 -0.82313526
-5.58823919 3.81386971 -0.81156987
-5.58823919 3.90413618 -0.80225784
-5.58823919 3.99440265 -0.78839636
-5.58823919 4.08466911 -0.77919185
-5.58823919 4.17493534 -0.76730406
-5.58823919 4.26520157 -0.75394666
-5.58823919 4.35546780 -0.74513298
-5.58823919 4.44573402 -0.73415697
-5.58823919 4.53600025 -0.72345400
-5.00000381 0.02268000 -1.00000000
-5.00000381 0.11294640 -0.99494272
-5.00000381 0.20321280 -0.99492067
-5.00000381 0.29347920 -0.99492329
-5.00000381 0.38374561 -0.99490368
-5.00000381 0.47401202 -0.99491185
-5.00000381 0.56427842 -0.99494469
-5.00000381 0.65454483 -0.99493068
-5.00000381 0.74481124 -0.99493569
-5.00000381 0.83507764 -0.99492675
-5.00000381 0.92534405 -0.99491233
-5.00000381 1.01561046 -0.99493575
-5.00000381 1.10587680 -0.99486977
-5.00000381 1.19614315 -0.99479187
-5.00000381 1.28640950 -0.99467278
-5.00000381 1.37667584 -0.99428737
-5.00000381 1.46694219 -0.99262196
-5.00000381 1.55720854 -0.99209666
-5.00000381 1.64747488 -0.98669410
-5.00000381 1.73774123 -0.98588586
-5.00000381 1.82800758 -0.98363453
-5.00000381 1.91827393 -0.97754025
-5.00000381 2.00854039 -0.97495723
-5.00000381 2.09880686 -0.96699685
-5.00000381 2.18907332 -0.96058655
-5.00000381 2.27933979 -0.95722544
-5.00000381 2.36960626 -0.94874722
-5.00000381 2.45987272 -0.94009554
-5.00000381 2.55013919 -0.93096274
-5.00000381 2.64040565 -0.92278200
-5.00000381 2.73067212 -0.91381371
-5.00000381 2.82093859 -0.90285480
-5.00000381 2.91120505 -0.89282376
-5.00000381 3.00147152 -0.88335681
-5.00000381 3.09173799 -0.87302041
-5.00000381 3.18200445 -0.85857469
-5.00000381 3.27227092 -0.84776294
-5.00000381 3.36253738 -0.83727378
-5.00000381 3.45280385 -0.82627392
-5.00000381 3.54307032 -0.81200045
-5.00000381 3.63333678 -0.79972720
-5.00000381 3.72360325 -0.78843760
-5.00000381 3.81386971 -0.77528721
-5.00000381 3.90413618 -0.76327109
-5.00000381 3.99440265 -0.75257254
-5.00000381 4.08466911 -0.73836648
-5.00000381 4.17493534 -0.72800440
-5.00000381 4.26520157 -0.71409023
-5.00000381 4.35546780 -0.70352995
-5.00000381 4.44573402 -0.69171619
-5.00000381 4.53600025 -0.67992413
-4.41176844 0.02268000 -1.00000000
-4.41176844 0.11294640 -0.99493212
-4.41176844 0.20321280 -0.99492955
-4.41176844 0.29347920 -0.99492627
-4.41176844 0.38374561 -0.99491185
-4.41176844 0.47401202 -0.99491453
-4.41176844 0.56427842 -0.99490350
-4.41176844 0.65454483 -0.99491787
-4.41176844 0.74481124 -0.99491334
-4.41176844 0.83507764 -0.99493068
-4.41176844 0.92534405 -0.99493235
-4.41176844 1.01561046 -0.99489635
-4.41176844 1.10587680 -0.99477553
-4.41176844 1.19614315 -0.99468452
-4.41176844 1.28640950 -0.99429530
-4.41176844 1.37667584 -0.99258059
-4.41176844 1.46694219 -0.99197328
-4.41176844 1.55720854 -0.98644042
-4.41176844 1.64747488 -0.98418605
-4.41176844 1.73774123 -0.97810352
-4.41176844 1.82800758 -0.97555214
-4.41176844 1.91827393 -0.96897691
-4.41176844 2.00854039 -0.96569872
-4.41176844 2.09880686 -0.95723683
-4.41176844 2.18907332 -0.95007509
-4.41176844 2.27933979 -0.94082093
-4.41176844 2.36960626 -0.93136775
-4.41176844 2.45987272 -0.92210937
-4.41176844 2.55013919 -0.91226220
-4.41176844 2.64040565 -0.90070486
-4.41176844 2.73067212 -0.89031106
-4.41176844 2.82093859 -0.87978357
-4.41176844 2.91120505 -0.86432993
-4.41176844 3.00147152 -0.85211831
-4.41176844 3.09173799 -0.84077626
-4.41176844 3.18200445 -0.82554626
-4.41176844 3.27227092 -0.81294030
-4.41176844 3.36253738 -0.80138081
-4.41176844 3.45280385 -0.78723347
-4.41176844 3.54307032 -0.77460265
-4.41176844 3.63333678 -0.75922680
-4.41176844 3.72360325 -0.74695778
-4.41176844 3.81386971 -0.73192459
-4.41176844 3.90413618 -0.71932566
-4.41176844 3.99440265 -0.70536256
-4.41176844 4.08466911 -0.69326061
-4.41176844 4.17493534 -0.67903912
-4.41176844 4.26520157 -0.66868490
-4.41176844 4.35546780 -0.65475881
-4.41176844 4.44573402 -0.64321250
-4.41176844 4.53600025 -0.63017333
-3.82353306 0.02268000 -1.00000000
-3.82353306 0.11294640 -0.99493909
-3.82353306 0.20321280 -0.99490356
-3.82353306 0.29347920 -0.99492979
-3.82353306 0.38374561 -0.99493361
-3.82353306 0.47401202 -0.99491513
-3.82353306 0.56427842 -0.99490404
-3.82353306 0.65454483 -0.99493515
-3.82353306 0.74481124 -0.99491209
-3.82353306 0.83507764 -0.99490625
-3.82353306 0.92534405 -0.99490196
-3.82353306 1.01561046 -0.99485785
-3.82353306 1.10587680 -0.99469715
-3.82353306 1.19614315 -0.99430060
-3.82353306 1.28640950 -0.99254686
-3.82353306 1.37667584 -0.99190319
-3.82353306 1.46694219 -0.98634458
-3.82353306 1.55720854 -0.98383570
-3.82353306 1.64747488 -0.97761953
-3.82353306 1.73774123 -0.97460485
-3.82353306 1.82800758 -0.96626127
-3.82353306 1.91827393 -0.95881546
-3.82353306 2.00854039 -0.94994152
-3.82353306 2.09880686 -0.94088978
-3.82353306 2.18907332 -0.93112171
-3.82353306 2.27933979 -0.92083579
-3.82353306 2.36960626 -0.91047609
-3.82353306 2.45987272 -0.89837134
-3.82353306 2.55013919 -0.88650596
-3.82353306 2.64040565 -0.87055165
-3.82353306 2.73067212 -0.85769618
-3.82353306 2.82093859 -0.84582460
-3.82353306 2.91120505 -0.82944256
-3.82353306 3.00147152 -0.81605822
-3.82353306 3.09173799 -0.79977816
-3.82353306 3.18200445 -0.78496659
-3.82353306 3.27227092 -0.76876479
-3.82353306 3.36253738 -0.75516909
-3.82353306 3.45280385 -0.73848867
-3.82353306 3.54307032 -0.72263604
-3.82353306 3.63333678 -0.70914465
-3.82353306 3.72360325 -0.69390374
-3.82353306 3.81386971 -0.68111432
-3.82353306 3.90413618 -0.66508025
-3.82353306 3.99440265 -0.65047920
-3.82353306 4.08466911 -0.63792044
-3.82353306 4.17493534 -0.62427700
-3.82353306 4.26520157 -0.61187100
-3.82353306 4.35546780 -0.59851098
-3.82353306 4.44573402 -0.58451337
-3.82353306 4.53600025 -0.57457215
-3.23529768 0.02268000 -1.00000000
-3.23529768 0.11294640 -0.99492580
-3.23529768 0.20321280 -0.99492395
-3.23529768 0.29347920 -0.99490857
-3.23529768 0.38374561 -0.99491662
-3.23529768 0.47401202 -0.99492931
-3.23529768 0.56427842 -0.99492097
-3.23529768 0.65454483 -0.99492848
-3.23529768 0.74481124 -0.99490803
-3.23529768 0.83507764 -0.99489486
-3.23529768 0.92534405 -0.99484372
-3.23529768 1.01561046 -0.99469268
-3.23529768 1.10587680 -0.99422145
-3.23529768 1.19614315 -0.99247366
-3.23529768 1.28640950 -0.99173880
-3.23529768 1.37667584 -0.98576504
-3.23529768 1.46694219 -0.98312044
-3.23529768 1.55720854 -0.97665983
-3.23529768 1.64747488 -0.96824378
-3.23529768 1.73774123 -0.96442544
-3.23529768 1.82800758 -0.95483059
-3.23529768 1.91827393 -0.94524997
-3.23529768 2.00854039 -0.93494177
-3.23529768 2.09880686 -0.91871583
-3.23529768 2.18907332 -0.90756261
-3.23529768 2.27933979 -0.89481544
-3.23529768 2.36960626 -0.87709814
-3.23529768 2.45987272 -0.86361837
-3.23529768 2.55013919 -0.85091031
-3.23529768 2.64040565 -0.83118141
-3.23529768 2.73067212 -0.81364232
-3.23529768 2.82093859 -0.79773986
-3.23529768 2.91120505 -0.78057629
-3.23529768 3.00147152 -0.76579320
-3.23529768 3.09173799 -0.74612433
-3.23529768 3.18200445 -0.72872573
-3.23529768 3.27227092 -0.71094263
-3.23529768 3.36253738 -0.69666320
-3.23529768 3.45280385 -0.67841005
-3.23529768 3.54307032 -0.66194272
-3.23529768 3.63333678 -0.64737219
-3.23529768 3.72360325 -0.63135159
-3.23529768 3.81386971 -0.61588830
-3.23529768 3.90413618 -0.60065061
-3.23529768 3.99440265 -0.58621424
-3.23529768 4.08466911 -0.57163900
-3.23529768 4.17493534 -0.55773145
-3.23529768 4.26520157 -0.54582530
-3.23529768 4.35546780 -0.53382480
-3.23529768 4.44573402 -0.52089047
-3.23529768 4.53600025 -0.50969684
-2.64706230 0.02268000 -1.00000000
-2.64706230 0.11294640 -0.99491596
-2.64706230 0.20321280 -0.99493390
-2.64706230 0.29347920 -0.99492276
-2.64706230 0.38374561 -0.99495327
-2.64706230 0.47401202 -0.99492437
-2.64706230 0.56427842 -0.99492890
-2.64706230 0.65454483 -0.99491811
-2.64706230 0.74481124 -0.99488586
-2.64706230 0.83507764 -0.99485868
-2.64706230 0.92534405 -0.99465919
-2.64706230 1.01561046 -0.99419349
-2.64706230 1.10587680 -0.99234873
-2.64706230 1.19614315 -0.99157202
-2.64706230 1.28640950 -0.98542953
-2.64706230 1.37667584 -0.97735071
-2.64706230 1.46694219 -0.97374856
-2.64706230 1.55720854 -0.96489716
-2.64706230 1.64747488 -0.95479816
-2.64706230 1.73774123 -0.94455200
-2.64706230 1.82800758 -0.93336517
-2.64706230 1.91827393 -0.91643137
-2.64706230 2.00854039 -0.90378517
-2.64706230 2.09880686 -0.88968295
-2.64706230 2.18907332 -0.87071288
-2.64706230 2.27933979 -0.85488963
-2.64706230 2.36960626 -0.83484030
-2.64706230 2.45987272 -0.81460887
-2.64706230 2.55013919 -0.79761708
-2.64706230 2.64040565 -0.77547681
-2.64706230 2.73067212 -0.75614649
-2.64706230 2.82093859 -0.73469532
-2.64706230 2.91120505 -0.71478051
-2.64706230 3.00147152 -0.69760048
-2.64706230 3.09173799 -0.67823142
-2.64706230 3.18200445 -0.65776855
-2.64706230 3.27227092 -0.63874429
-2.64706230 3.36253738 -0.62003225
-2.64706230 3.45280385 -0.60280055
-2.64706230 3.54307032 -0.58565867
-2.64706230 3.63333678 -0.56759083
-2.64706230 3.72360325 -0.55412316
-2.64706230 3.81386971 -0.53849477
-2.64706230 3.90413618 -0.52343935
-2.64706230 3.99440265 -0.50985819
-2.64706230 4.08466911 -0.49387559
-2.64706230 4.17493534 -0.48021504
-2.64706230 4.26520157 -0.46887702
-2.64706230 4.35546780 -0.45587012
-2.64706230 4.44573402 -0.44369435
-2.64706230 4.53600025 -0.43412787
-2.05882692 0.02268000 -1.00000000
-2.05882692 0.11294640 -0.99491978
-2.05882692 0.20321280 -0.99490172
-2.05882692 0.29347920 -0.99492759
-2.05882692 0.38374561 -0.99491370
-2.05882692 0.47401202 -0.99493164
-2.05882692 0.56427842 -0.99492568
-2.05882692 0.65454483 -0.99490380
-2.05882692 0.74481124 -0.99479002
-2.05882692 0.83507764 -0.99468929
-2.05882692 0.92534405 -0.99416041
-2.05882692 1.01561046 -0.99223757
-2.05882692 1.10587680 -0.98600054
-2.05882692 1.19614315 -0.98325914
-2.05882692 1.28640950 -0.97588539
-2.05882692 1.37667584 -0.96646965
-2.05882692 1.46694219 -0.95602739
-2.05882692 1.55720854 -0.94530809
-2.05882692 1.64747488 -0.93311751
-2.05882692 1.73774123 -0.91827297
-2.05882692 1.82800758 -0.89870888
-2.05882692 1.91827393 -0.88211179
-2.05882692 2.00854039 -0.85986477
-2.05882692 2.09880686 -0.83640027
-2.05882692 2.18907332 -0.81306446
-2.05882692 2.27933979 -0.79332530
-2.05882692 2.36960626 -0.76873595
-2.05882692 2.45987272 -0.74414063
-2.05882692 2.55013919 -0.71928507
-2.05882692 2.64040565 -0.69503933
-2.05882692 2.73067212 -0.67359364
-2.05882692 2.82093859 -0.64973563
-2.05882692 2.91120505 -0.62757081
-2.05882692 3.00147152 -0.60221773
-2.05882692 3.09173799 -0.58231068
-2.05882692 3.18200445 -0.56166238
-2.05882692 3.27227092 -0.54142934
-2.05882692 3.36253738 -0.52407104
-2.05882692 3.45280385 -0.50470698
-2.05882692 3.54307032 -0.48911312
-2.05882692 3.63333678 -0.47342452
-2.05882692 3.72360325 -0.45715070
-2.05882692 3.81386971 -0.44279653
-2.05882692 3.90413618 -0.42865676
-2.05882692 3.99440265 -0.41656077
-2.05882692 4.08466911 -0.40367562
-2.05882692 4.17493534 -0.39307690
-2.05882692 4.26520157 -0.38185686
-2.05882692 4.35546780 -0.37020606
-2.05882692 4.44573402 -0.35931227
-2.05882692 4.53600025 -0.34965742
-1.47059155 0.02268000 -1.00000000
-1.47059155 0.11294640 -0.99493366
-1.47059155 0.20321280 -0.99491948
-1.47059155 0.29347920 -0.99491227
-1.47059155 0.38374561 -0.99492311
-1.47059155 0.47401202 -0.99493080
-1.47059155 0.56427842 -0.99489981
-1.47059155 0.65454483 -0.99483502
-1.47059155 0.74481124 -0.99463332
-1.47059155 0.83507764 -0.99403423
-1.47059155 0.92534405 -0.99197072
-1.47059155 1.01561046 -0.98542553
-1.47059155 1.10587680 -0.98186851
-1.47059155 1.19614315 -0.97223741
-1.47059155 1.28640950 -0.96140063
-1.47059155 1.37667584 -0.94914013
-1.47059155 1.46694219 -0.92937571
-1.47059155 1.55720854 -0.91272700
-1.47059155 1.64747488 -0.88990629
-1.47059155 1.73774123 -0.87023914
-1.47059155 1.82800758 -0.84201759
-1.47059155 1.91827393 -0.81465042
-1.47059155 2.00854039 -0.78443325
-1.47059155 2.09880686 -0.75536644
-1.47059155 2.18907332 -0.72036427
-1.47059155 2.27933979 -0.69076771
-1.47059155 2.36960626 -0.66038328
-1.47059155 2.45987272 -0.63217247
-1.47059155 2.55013919 -0.60480553
-1.47059155 2.64040565 -0.57533324
-1.47059155 2.73067212 -0.54942203
-1.47059155 2.82093859 -0.52595949
-1.47059155 2.91120505 -0.50063759
-1.47059155 3.00147152 -0.47917616
-1.47059155 3.09173799 -0.45786160
-1.47059155 3.18200445 -0.43851501
-1.47059155 3.27227092 -0.42012411
-1.47059155 3.36253738 -0.40291947
-1.47059155 3.45280385 -0.38841715
-1.47059155 3.54307032 -0.37187800
-1.47059155 3.63333678 -0.35983312
-1.47059155 3.72360325 -0.34683707
-1.47059155 3.81386971 -0.33289847
-1.47059155 3.90413618 -0.32121572
-1.47059155 3.99440265 -0.31016022
-1.47059155 4.08466911 -0.30014533
-1.47059155 4.17493534 -0.29120657
-1.47059155 4.26520157 -0.28250146
-1.47059155 4.35546780 -0.27367985
-1.47059155 4.44573402 -0.26555979
-1.47059155 4.53600025 -0.25659290
-0.88235623 0.02268000 -1.00000000
-0.88235623 0.11294640 -0.99492604
-0.88235623 0.20321280 -0.99491322
-0.88235623 0.29347920 -0.99489236
-0.88235623 0.38374561 -0.99490958
-0.88235623 0.47401202 -0.99487883
-0.88235623 0.56427842 -0.99480170
-0.88235623 0.65454483 -0.99454141
-0.88235623 0.74481124 -0.99391472
-0.88235623 0.83507764 -0.99164158
-0.88235623 0.92534405 -0.98415685
-0.88235623 1.01561046 -0.97431511
-0.88235623 1.10587680 -0.96250731
-0.88235623 1.19614315 -0.94848484
-0.88235623 1.28640950 -0.92979878
-0.88235623 1.37667584 -0.90392005
-0.88235623 1.46694219 -0.87360811
-0.88235623 1.55720854 -0.83819395
-0.88235623 1.64747488 -0.80163425
-0.88235623 1.73774123 -0.76271874
-0.88235623 1.82800758 -0.72153550
-0.88235623 1.91827393 -0.67527807
-0.88235623 2.00854039 -0.63383335
-0.88235623 2.09880686 -0.58977771
-0.88235623 2.18907332 -0.55134720
-0.88235623 2.27933979 -0.51351988
-0.88235623 2.36960626 -0.48241833
-0.88235623 2.45987272 -0.44986027
-0.88235623 2.55013919 -0.42223492
-0.88235623 2.64040565 -0.39664766
-0.88235623 2.73067212 -0.37216976
-0.88235623 2.82093859 -0.34999779
-0.88235623 2.91120505 -0.33090466
-0.88235623 3.00147152 -0.31473070
-0.88235623 3.09173799 -0.29844323
-0.88235623 3.18200445 -0.28247172
-0.88235623 3.27227092 -0.26876098
-0.88235623 3.36253738 -0.25770703
-0.88235623 3.45280385 -0.24430890
-0.88235623 3.54307032 -0.23490228
-0.88235623 3.63333678 -0.22618322
-0.88235623 3.72360325 -0.21624444
-0.88235623 3.81386971 -0.20653689
-0.88235623 3.90413618 -0.19971946
-0.88235623 3.99440265 -0.19244675
-0.88235623 4.08466911 -0.18549792
-0.88235623 4.17493534 -0.17894471
-0.88235623 4.26520157 -0.17271701
-0.88235623 4.35546780 -0.16716114
-0.88235623 4.44573402 -0.16319135
-0.88235623 4.53600025 -0.15758447
-0.29412091 0.02268000 -1.00000000
-0.29412091 0.11294640 -0.99488962
-0.29412091 0.20321280 -0.99490404
-0.29412091 0.29347920 -0.99487877
-0.29412091 0.38374561 -0.99487990
-0.29412091 0.47401202 -0.99470651
-0.29412091 0.56427842 -0.99441051
-0.29412091 0.65454483 -0.99362695
-0.29412091 0.74481124 -0.99062759
-0.29412091 0.83507764 -0.98210567
-0.29412091 0.92534405 -0.96880269
-0.29412091 1.01561046 -0.94968891
-0.29412091 1.10587680 -0.91700536
-0.29412091 1.19614315 -0.87407118
-0.29412091 1.28640950 -0.81742007
-0.29412091 1.37667584 -0.75204718
-0.29412091 1.46694219 -0.67430669
-0.29412091 1.55720854 -0.58762807
-0.29412091 1.64747488 -0.50734162
-0.29412091 1.73774123 -0.43362600
-0.29412091 1.82800758 -0.37910157
-0.29412091 1.91827393 -0.32671601
-0.29412091 2.00854039 -0.28502670
-0.29412091 2.09880686 -0.25341111
-0.29412091 2.18907332 -0.22687393
-0.29412091 2.27933979 -0.20504901
-0.29412091 2.36960626 -0.18524581
-0.29412091 2.45987272 -0.16944088
-0.29412091 2.55013919 -0.15471518
-0.29412091 2.64040565 -0.14364120
-0.29412091 2.73067212 -0.13422482
-0.29412091 2.82093859 -0.12479837
-0.29412091 2.91120505 -0.11683905
-0.29412091 3.00147152 -0.10946927
-0.29412091 3.09173799 -0.10459207
-0.29412091 3.18200445 -0.09784476
-0.29412091 3.27227092 -0.09397424
-0.29412091 3.36253738 -0.08863147
-0.29412091 3.45280385 -0.08442117
-0.29412091 3.54307032 -0.08070816
-0.29412091 3.63333678 -0.07596029
-0.29412091 3.72360325 -0.07267581
-0.29412091 3.81386971 -0.06987628
-0.29412091 3.90413618 -0.06734161
-0.29412091 3.99440265 -0.06520825
-0.29412091 4.08466911 -0.06273657
-0.29412091 4.17493534 -0.06068329
-0.29412091 4.26520157 -0.05839984
-0.29412091 4.35546780 -0.05611200
-0.29412091 4.44573402 -0.05460892
-0.29412091 4.53600025 -0.05287219
0.29411441 0.02268000 1.00000000
0.29411441 0.11294640 0.99490297
0.29411441 0.20321280 0.99487132
0.29411441 0.29347920 0.99488026
0.29411441 0.38374561 0.99485159
0.29411441 0.47401202 0.99470657
0.29411441 0.56427842 0.99439645
0.29411441 0.65454483 0.99364620
0.29411441 0.74481124 0.99067211
0.29411441 0.83507764 0.98201638
0.29411441 0.92534405 0.96872950
0.29411441 1.01561046 0.94974571
0.29411441 1.10587680 0.91702431
0.29411441 1.19614315 0.87409896
0.29411441 1.28640950 0.81718165
0.29411441 1.37667584 0.75195128
0.29411441 1.46694219 0.67426211
0.29411441 1.55720854 0.58733875
0.29411441 1.64747488 0.50782222
0.29411441 1.73774123 0.43482310
0.29411441 1.82800758 0.37933072
0.29411441 1.91827393 0.32667306
0.29411441 2.00854039 0.28567311
0.29411441 2.09880686 0.25355247
0.29411441 2.18907332 0.22661954
0.29411441 2.27933979 0.20498182
0.29411441 2.36960626 0.18491782
0.29411441 2.45987272 0.16903159
0.29411441 2.55013919 0.15476459
0.29411441 2.64040565 0.14335245
0.29411441 2.73067212 0.13426124
0.29411441 2.82093859 0.12450515
0.29411441 2.91120505 0.11715695
0.29411441 3.00147152 0.10945227
0.29411441 3.09173799 0.10465588
0.29411441 3.18200445 0.09805036
0.29411441 3.27227092 0.09419559
0.29411441 3.36253738 0.08846717
0.29411441 3.45280385 0.08435580
0.29411441 3.54307032 0.08081760
0.29411441 3.63333678 0.07618777
0.29411441 3.72360325 0.07268167
0.29411441 3.81386971 0.06917240
0.29411441 3.90413618 0.06730407
0.29411441 3.99440265 0.06499841
0.29411441 4.08466911 0.06286911
0.29411441 4.17493534 0.06048956
0.29411441 4.26520157 0.05821497
0.29411441 4.35546780 0.05601300
0.29411441 4.44573402 0.05466681
0.29411441 4.53600025 0.05280148
0.88234973 0.02268000 1.00000000
0.88234973 0.11294640 0.99491638
0.88234973 0.20321280 0.99492592
0.88234973 0.29347920 0.99491429
0.88234973 0.38374561 0.99491173
0.88234973 0.47401202 0.99485511
0.88234973 0.56427842 0.99480581
0.88234973 0.65454483 0.99450266
0.88234973 0.74481124 0.99394280
0.88234973 0.83507764 0.99162745
0.88234973 0.92534405 0.98411673
0.88234973 1.01561046 0.97434175
0.88234973 1.10587680 0.96240091
0.88234973 1.19614315 0.94844508
0.88234973 1.28640950 0.92983669
0.88234973 1.37667584 0.90403152
0.88234973 1.46694219 0.87355787
0.88234973 1.55720854 0.83845133
0.88234973 1.64747488 0.80128676
0.88234973 1.73774123 0.76283538
0.88234973 1.82800758 0.72148186
0.88234973 1.91827393 0.67530620
0.88234973 2.00854039 0.63407278
0.88234973 2.09880686 0.58970964
0.88234973 2.18907332 0.55135083
0.88234973 2.27933979 0.51374948
0.88234973 2.36960626 0.48249137
0.88234973 2.45987272 0.44986713
0.88234973 2.55013919 0.42245880
0.88234973 2.64040565 0.39633396
0.88234973 2.73067212 0.37229180
0.88234973 2.82093859 0.34995478
0.88234973 2.91120505 0.33110222
0.88234973 3.00147152 0.31511414
0.88234973 3.09173799 0.29839140
0.88234973 3.18200445 0.28232640
0.88234973 3.27227092 0.26844841
0.88234973 3.36253738 0.25763813
0.88234973 3.45280385 0.24457431
0.88234973 3.54307032 0.23486194
0.88234973 3.63333678 0.22594815
0.88234973 3.72360325 0.21639749
0.88234973 3.81386971 0.20663568
0.88234973 3.90413618 0.19949149
0.88234973 3.99440265 0.19254920
0.88234973 4.08466911 0.18581924
0.88234973 4.17493534 0.17884314
0.88234973 4.26520157 0.17280020
0.88234973 4.35546780 0.16707495
0.88234973 4.44573402 0.16331439
0.88234973 4.53600025 0.15785319
1.47058511 0.02268000 1.00000000
1.47058511 0.11294640 0.99493289
1.47058511 0.20321280 0.99492371
1.47058511 0.29347920 0.99492449
1.47058511 0.38374561 0.99490273
1.47058511 0.47401202 0.99492079
1.47058511 0.56427842 0.99489224
1.47058511 0.65454483 0.99480808
1.47058511 0.74481124 0.99465269
1.47058511 0.83507764 0.99404103
1.47058511 0.92534405 0.99196982
1.47058511 1.01561046 0.98544836
1.47058511 1.10587680 0.98182732
1.47058511 1.19614315 0.97227305
1.47058511 1.28640950 0.96137464
1.47058511 1.37667584 0.94904542
1.47058511 1.46694219 0.92929453
1.47058511 1.55720854 0.91275674
1.47058511 1.64747488 0.88985074
1.47058511 1.73774123 0.87002081
1.47058511 1.82800758 0.84225219
1.47058511 1.91827393 0.81470954
1.47058511 2.00854039 0.78456366
1.47058511 2.09880686 0.75571448
1.47058511 2.18907332 0.72011918
1.47058511 2.27933979 0.69106287
1.47058511 2.36960626 0.66063523
1.47058511 2.45987272 0.63231564
1.47058511 2.55013919 0.60443127
1.47058511 2.64040565 0.57517439
1.47058511 2.73067212 0.54961294
1.47058511 2.82093859 0.52603811
1.47058511 2.91120505 0.50036407
1.47058511 3.00147152 0.47924235
1.47058511 3.09173799 0.45780113
1.47058511 3.18200445 0.43827802
1.47058511 3.27227092 0.42028499
1.47058511 3.36253738 0.40316504
1.47058511 3.45280385 0.38823020
1.47058511 3.54307032 0.37189561
1.47058511 3.63333678 0.35977447
1.47058511 3.72360325 0.34704220
1.47058511 3.81386971 0.33257306
1.47058511 3.90413618 0.32128626
1.47058511 3.99440265 0.31034735
1.47058511 4.08466911 0.30024585
1.47058511 4.17493534 0.29118416
1.47058511 4.26520157 0.28265390
1.47058511 4.35546780 0.27347344
1.47058511 4.44573402 0.26541460
1.47058511 4.53600025 0.25668052
2.05882049 0.02268000 1.00000000
2.05882049 0.11294640 0.99492800
2.05882049 0.20321280 0.99492919
2.05882049 0.29347920 0.99492937
2.05882049 0.38374561 0.99491990
2.05882049 0.47401202 0.99493176
2.05882049 0.56427842 0.99491054
2.05882049 0.65454483 0.99487269
2.05882049 0.74481124 0.99479169
2.05882049 0.83507764 0.99469197
2.05882049 0.92534405 0.99413586
2.05882049 1.01561046 0.99223900
2.05882049 1.10587680 0.98597515
2.05882049 1.19614315 0.98325336
2.05882049 1.28640950 0.97590476
2.05882049 1.37667584 0.96652830
2.05882049 1.46694219 0.95605308
2.05882049 1.55720854 0.94527674
2.05882049 1.64747488 0.93302554
2.05882049 1.73774123 0.91831881
2.05882049 1.82800758 0.89863634
2.05882049 1.91827393 0.88209474
2.05882049 2.00854039 0.85972106
2.05882049 2.09880686 0.83644199
2.05882049 2.18907332 0.81268662
2.05882049 2.27933979 0.79339617
2.05882049 2.36960626 0.76890415
2.05882049 2.45987272 0.74423355
2.05882049 2.55013919 0.71943700
2.05882049 2.64040565 0.69501507
2.05882049 2.73067212 0.67336071
2.05882049 2.82093859 0.64972484
2.05882049 2.91120505 0.62725621
2.05882049 3.00147152 0.60213310
2.05882049 3.09173799 0.58255589
2.05882049 3.18200445 0.56156552
2.05882049 3.27227092 0.54156798
2.05882049 3.36253738 0.52391738
2.05882049 3.45280385 0.50471824
2.05882049 3.54307032 0.48924825
2.05882049 3.63333678 0.47356787
2.05882049 3.72360325 0.45708668
2.05882049 3.81386971 0.44271564
2.05882049 3.90413618 0.42894211
2.05882049 3.99440265 0.41641659
2.05882049 4.08466911 0.40384573
2.05882049 4.17493534 0.39321789
2.05882049 4.26520157 0.38181970
2.05882049 4.35546780 0.37028131
2.05882049 4.44573402 0.35960510
2.05882049 4.53600025 0.34973839
2.64705586 0.02268000 1.00000000
2.64705586 0.11294640 0.99494272
2.64705586 0.20321280 0.99493712
2.64705586 0.29347920 0.99490476
2.64705586 0.38374561 0.99490803
2.64705586 0.47401202 0.99492288
2.64705586 0.56427842 0.99495447
2.64705586 0.65454483 0.99491745
2.64705586 0.74481124 0.99487305
2.64705586 0.83507764 0.99487406
2.64705586 0.92534405 0.99469686
2.64705586 1.01561046 0.99421787
2.64705586 1.10587680 0.99233967
2.64705586 1.19614315 0.99159682
2.64705586 1.28640950 0.98534644
2.64705586 1.37667584 0.97728968
2.64705586 1.46694219 0.97373432
2.64705586 1.55720854 0.96493065
2.64705586 1.64747488 0.95474780
2.64705586 1.73774123 0.94465148
2.64705586 1.82800758 0.93334007
2.64705586 1.91827393 0.91652632
2.64705586 2.00854039 0.90378672
2.64705586 2.09880686 0.88957524
2.64705586 2.18907332 0.87055522
2.64705586 2.27933979 0.85485154
2.64705586 2.36960626 0.83483475
2.64705586 2.45987272 0.81472975
2.64705586 2.55013919 0.79742455
2.64705586 2.64040565 0.77566874
2.64705586 2.73067212 0.75629616
2.64705586 2.82093859 0.73469824
2.64705586 2.91120505 0.71482486
2.64705586 3.00147152 0.69755787
2.64705586 3.09173799 0.67796445
2.64705586 3.18200445 0.65760577
2.64705586 3.27227092 0.63878262
2.64705586 3.36253738 0.62016594
2.64705586 3.45280385 0.60266125
2.64705586 3.54307032 0.58565855
2.64705586 3.63333678 0.56743652
2.64705586 3.72360325 0.55426520
2.64705586 3.81386971 0.53834331
2.64705586 3.90413618 0.52363747
2.64705586 3.99440265 0.50993091
2.64705586 4.08466911 0.49396282
2.64705586 4.17493534 0.48042822
2.64705586 4.26520157 0.46846548
2.64705586 4.35546780 0.45601276
2.64705586 4.44573402 0.44357994
2.64705586 4.53600025 0.43437850
3.23529124 0.02268000 1.00000000
3.23529124 0.11294640 0.99491203
3.23529124 0.20321280 0.99491864
3.23529124 0.29347920 0.99491704
3.23529124 0.38374561 0.99491018
3.23529124 0.47401202 0.99494272
3.23529124 0.56427842 0.99491745
3.23529124 0.65454483 0.99491149
3.23529124 0.74481124 0.99493432
3.23529124 0.83507764 0.99491173
3.23529124 0.92534405 0.99484915
3.23529124 1.01561046 0.99469358
3.23529124 1.10587680 0.99425399
3.23529124 1.19614315 0.99247354
3.23529124 1.28640950 0.99174565
3.23529124 1.37667584 0.98576856
3.23529124 1.46694219 0.98321158
3.23529124 1.55720854 0.97666258
3.23529124 1.64747488 0.96822804
3.23529124 1.73774123 0.96435285
3.23529124 1.82800758 0.95484316
3.23529124 1.91827393 0.94509268
3.23529124 2.00854039 0.93501198
3.23529124 2.09880686 0.91873896
3.23529124 2.18907332 0.90756154
3.23529124 2.27933979 0.89478958
3.23529124 2.36960626 0.87708044
3.23529124 2.45987272 0.86347055
3.23529124 2.55013919 0.85077024
3.23529124 2.64040565 0.83119875
3.23529124 2.73067212 0.81353551
3.23529124 2.82093859 0.79798108
3.23529124 2.91120505 0.78039563
3.23529124 3.00147152 0.76561338
3.23529124 3.09173799 0.74616516
3.23529124 3.18200445 0.72902536
3.23529124 3.27227092 0.71076679
3.23529124 3.36253738 0.69665176
3.23529124 3.45280385 0.67873871
3.23529124 3.54307032 0.66190994
3.23529124 3.63333678 0.64729244
3.23529124 3.72360325 0.63134938
3.23529124 3.81386971 0.61608809
3.23529124 3.90413618 0.60081422
3.23529124 3.99440265 0.58634728
3.23529124 4.08466911 0.57154781
3.23529124 4.17493534 0.55781496
3.23529124 4.26520157 0.54561597
3.23529124 4.35546780 0.53365737
3.23529124 4.44573402 0.52076006
3.23529124 4.53600025 0.50981849
3.82352662 0.02268000 1.00000000
3.82352662 0.11294640 0.99492389
3.82352662 0.20321280 0.99491709
3.82352662 0.29347920 0.99493831
3.82352662 0.38374561 0.99495500
3.82352662 0.47401202 0.99494880
3.82352662 0.56427842 0.99492276
3.82352662 0.65454483 0.99491018
3.82352662 0.74481124 0.99491131
3.82352662 0.83507764 0.99492347
3.82352662 0.92534405 0.99490285
3.82352662 1.01561046 0.99489635
3.82352662 1.10587680 0.99470448
3.82352662 1.19614315 0.99429351
3.82352662 1.28640950 0.99255234
3.82352662 1.37667584 0.99193770
3.82352662 1.46694219 0.98631191
3.82352662 1.55720854 0.98379630
3.82352662 1.64747488 0.97763157
3.82352662 1.73774123 0.97461218
3.82352662 1.82800758 0.96621996
3.82352662 1.91827393 0.95886511
3.82352662 2.00854039 0.94985622
3.82352662 2.09880686 0.94083548
3.82352662 2.18907332 0.93119556
3.82352662 2.27933979 0.92069066
3.82352662 2.36960626 0.91044313
3.82352662 2.45987272 0.89853561
3.82352662 2.55013919 0.88639170
3.82352662 2.64040565 0.87065840
3.82352662 2.73067212 0.85769355
3.82352662 2.82093859 0.84592503
3.82352662 2.91120505 0.82940894
3.82352662 3.00147152 0.81597060
3.82352662 3.09173799 0.79984277
3.82352662 3.18200445 0.78497654
3.82352662 3.27227092 0.76894540
3.82352662 3.36253738 0.75529838
3.82352662 3.45280385 0.73864043
3.82352662 3.54307032 0.72270727
3.82352662 3.63333678 0.70927471
3.82352662 3.72360325 0.69379812
3.82352662 3.81386971 0.68087369
3.82352662 3.90413618 0.66505957
3.82352662 3.99440265 0.65043223
3.82352662 4.08466911 0.63822633
3.82352662 4.17493534 0.62443358
3.82352662 4.26520157 0.61219996
3.82352662 4.35546780 0.59860861
3.82352662 4.44573402 0.58481467
3.82352662 4.53600025 0.57472777
4.41176176 0.02268000 1.00000000
4.41176176 0.11294640 0.99491173
4.41176176 0.20321280 0.99492323
4.41176176 0.29347920 0.99491233
4.41176176 0.38374561 0.99492037
4.41176176 0.47401202 0.99492663
4.41176176 0.56427842 0.99492419
4.41176176 0.65454483 0.99492991
4.41176176 0.74481124 0.99490964
4.41176176 0.83507764 0.99493039
4.41176176 0.92534405 0.99490356
4.41176176 1.01561046 0.99489158
4.41176176 1.10587680 0.99479043
4.41176176 1.19614315 0.99468702
4.41176176 1.28640950 0.99429381
4.41176176 1.37667584 0.99261057
4.41176176 1.46694219 0.99197620
4.41176176 1.55720854 0.98642427
4.41176176 1.64747488 0.98419726
4.41176176 1.73774123 0.97814000
4.41176176 1.82800758 0.97558987
4.41176176 1.91827393 0.96896809
4.41176176 2.00854039 0.96566796
4.41176176 2.09880686 0.95724368
4.41176176 2.18907332 0.95007151
4.41176176 2.27933979 0.94077480
4.41176176 2.36960626 0.93138182
4.41176176 2.45987272 0.92226708
4.41176176 2.55013919 0.91226840
4.41176176 2.64040565 0.90073681
4.41176176 2.73067212 0.89034867
4.41176176 2.82093859 0.87964904
4.41176176 2.91120505 0.86457568
4.41176176 3.00147152 0.85207844
4.41176176 3.09173799 0.84075588
4.41176176 3.18200445 0.82551086
4.41176176 3.27227092 0.81296778
4.41176176 3.36253738 0.80128700
4.41176176 3.45280385 0.78715187
4.41176176 3.54307032 0.77490336
4.41176176 3.63333678 0.75904578
4.41176176 3.72360325 0.74693531
4.41176176 3.81386971 0.73194212
4.41176176 3.90413618 0.71937680
4.41176176 3.99440265 0.70567900
4.41176176 4.08466911 0.69315356
4.41176176 4.17493534 0.67899513
4.41176176 4.26520157 0.66866100
4.41176176 4.35546780 0.65489489
4.41176176 4.44573402 0.64300805
4.41176176 4.53600025 0.62996161
4.99999714 0.02268000 1.00000000
4.99999714 0.11294640 0.99494505
4.99999714 0.20321280 0.99490607
4.99999714 0.29347920 0.99492043
4.99999714 0.38374561 0.99490762
4.99999714 0.47401202 0.99489844
4.99999714 0.56427842 0.99492383
4.99999714 0.65454483 0.99493515
4.99999714 0.74481124 0.99491394
4.99999714 0.83507764 0.99492687
4.99999714 0.92534405 0.99491954
4.99999714 1.01561046 0.99489480
4.99999714 1.10587680 0.99488711
4.99999714 1.19614315 0.99477661
4.99999714 1.28640950 0.99469054
4.99999714 1.37667584 0.99429989
4.99999714 1.46694219 0.99260426
4.99999714 1.55720854 0.99207836
4.99999714 1.64747488 0.98668349
4.99999714 1.73774123 0.98591125
4.99999714 1.82800758 0.98360103
4.99999714 1.91827393 0.97755736
4.99999714 2.00854039 0.97498244
4.99999714 2.09880686 0.96704966
4.99999714 2.18907332 0.96051675
4.99999714 2.27933979 0.95728260
4.99999714 2.36960626 0.94870627
4.99999714 2.45987272 0.94009805
4.99999714 2.55013919 0.93090892
4.99999714 2.64040565 0.92278361
4.99999714 2.73067212 0.91384655
4.99999714 2.82093859 0.90294486
4.99999714 2.91120505 0.89297986
4.99999714 3.00147152 0.88328207
4.99999714 3.09173799 0.87312990
4.99999714 3.18200445 0.85852146
4.99999714 3.27227092 0.84774590
4.99999714 3.36253738 0.83727515
4.99999714 3.45280385 0.82607222
4.99999714 3.54307032 0.81189990
4.99999714 3.63333678 0.79965651
4.99999714 3.72360325 0.78850830
4.99999714 3.81386971 0.77538776
4.99999714 3.90413618 0.76324886
4.99999714 3.99440265 0.75252998
4.99999714 4.08466911 0.73817509
4.99999714 4.17493534 0.72803587
4.99999714 4.26520157 0.71392250
4.99999714 4.35546780 0.70348382
4.99999714 4.44573402 0.69161725
4.99999714 4.53600025 0.67986590
5.58823252 0.02268000 1.00000000
5.58823252 0.11294640 0.99491990
5.58823252 0.20321280 0.99491930
5.58823252 0.29347920 0.99491900
5.58823252 0.38374561 0.99496496
5.58823252 0.47401202 0.99490792
5.58823252 0.56427842 0.99493623
5.58823252 0.65454483 0.99493051
5.58823252 0.74481124 0.99492347
5.58823252 0.83507764 0.99493593
5.58823252 0.92534405 0.99492538
5.58823252 1.01561046 0.99490929
5.58823252 1.10587680 0.99490196
5.58823252 1.19614315 0.99490088
5.58823252 1.28640950 0.99479127
5.58823252 1.37667584 0.99470484
5.58823252 1.46694219 0.99433035
5.58823252 1.55720854 0.99271238
5.58823252 1.64747488 0.99211121
5.58823252 1.73774123 0.98677528
5.58823252 1.82800758 0.98607409
5.58823252 1.91827393 0.98429281
5.58823252 2.00854039 0.97832119
5.58823252 2.09880686 0.97590452
5.58823252 2.18907332 0.96975732
5.58823252 2.27933979 0.96649688
5.58823252 2.36960626 0.96007252
5.58823252 2.45987272 0.95220661
5.58823252 2.55013919 0.94843906
5.58823252 2.64040565 0.94002867
5.58823252 2.73067212 0.93162811
5.58823252 2.82093859 0.92270571
5.58823252 2.91120505 0.91388661
5.58823252 3.00147152 0.90583217
5.58823252 3.09173799 0.89577407
5.58823252 3.18200445 0.88593578
5.58823252 3.27227092 0.87625939
5.58823252 3.36253738 0.86684811
5.58823252 3.45280385 0.85701698
5.58823252 3.54307032 0.84265304
5.58823252 3.63333678 0.83343261
5.58823252 3.72360325 0.82331359
5.58823252 3.81386971 0.81146240
5.58823252 3.90413618 0.80217832
5.58823252 3.99440265 0.78841442
5.58823252 4.08466911 0.77908188
5.58823252 4.17493534 0.76738638
5.58823252 4.26520157 0.75411171
5.58823252 4.35546780 0.74506897
5.58823252 4.44573402 0.73414940
5.58823252 4.53600025 0.72327489
6.17646790 0.02268000 1.00000000
6.17646790 0.11294640 0.99490941
6.17646790 0.20321280 0.99492860
6.17646790 0.29347920 0.99493432
6.17646790 0.38374561 0.99490011
6.17646790 0.47401202 0.99492776
6.17646790 0.56427842 0.99491888
6.17646790 0.65454483 0.99490213
6.17646790 0.74481124 0.99493659
6.17646790 0.83507764 0.99494863
6.17646790 0.92534405 0.99490404
6.17646790 1.01561046 0.99492311
6.17646790 1.10587680 0.99493223
6.17646790 1.19614315 0.99490118
6.17646790 1.28640950 0.99487925
6.17646790 1.37667584 0.99476451
6.17646790 1.46694219 0.99472231
6.17646790 1.55720854 0.99432945
6.17646790 1.64747488 0.99270070
6.17646790 1.73774123 0.99243689
6.17646790 1.82800758 0.99196982
6.17646790 1.91827393 0.98626035
6.17646790 2.00854039 0.98439395
6.17646790 2.09880686 0.97854799
6.17646790 2.18907332 0.97757798
6.17646790 2.27933979 0.97515321
6.17646790 2.36960626 0.96895188
6.17646790 2.45987272 0.96136558
6.17646790 2.55013919 0.95850199
6.17646790 2.64040565 0.95190710
6.17646790 2.73067212 0.94402099
6.17646790 2.82093859 0.93990368
6.17646790 2.91120505 0.93174827
6.17646790 3.00147152 0.92350221
6.17646790 3.09173799 0.91456026
6.17646790 3.18200445 0.90716982
6.17646790 3.27227092 0.89800686
6.17646790 3.36253738 0.88919675
6.17646790 3.45280385 0.88068557
6.17646790 3.54307032 0.87117833
6.17646790 3.63333678 0.86130792
6.17646790 3.72360325 0.85154164
6.17646790 3.81386971 0.84131628
6.17646790 3.90413618 0.83247322
6.17646790 3.99440265 0.81890988
6.17646790 4.08466911 0.81016761
6.17646790 4.17493534 0.80002260
6.17646790 4.26520157 0.78992796
6.17646790 4.35546780 0.78045994
6.17646790 4.44573402 0.77148730
6.17646790 4.53600025 0.75830168
6.76470327 0.02268000 1.00000000
6.76470327 0.11294640 0.99492347
6.76470327 0.20321280 0.99492788
6.76470327 0.29347920 0.99495608
6.76470327 0.38374561 0.99491405
6.76470327 0.47401202 0.99491870
6.76470327 0.56427842 0.99491525
6.76470327 0.65454483 0.99493802
6.76470327 0.74481124 0.99489224
6.76470327 0.83507764 0.99492323
6.76470327 0.92534405 0.99491453
6.76470327 1.01561046 0.99495214
6.76470327 1.10587680 0.99490774
6.76470327 1.19614315 0.99490505
6.76470327 1.28640950 0.99491221
6.76470327 1.37667584 0.99486482
6.76470327 1.46694219 0.99478602
6.76470327 1.55720854 0.99442947
6.76470327 1.64747488 0.99434304
6.76470327 1.73774123 0.99270189
6.76470327 1.82800758 0.99247915
6.76470327 1.91827393 0.99198985
6.76470327 2.00854039 0.98663384
6.76470327 2.09880686 0.98468322
6.76470327 2.18907332 0.98384887
6.76470327 2.27933979 0.97801757
6.76470327 2.36960626 0.97593105
6.76470327 2.45987272 0.96998972
6.76470327 2.55013919 0.96710491
6.76470327 2.64040565 0.96090496
6.76470327 2.73067212 0.95818651
6.76470327 2.82093859 0.95045936
6.76470327 2.91120505 0.94362998
6.76470327 3.00147152 0.93591452
6.76470327 3.09173799 0.93190926
6.76470327 3.18200445 0.92397767
6.76470327 3.27227092 0.91563982
6.76470327 3.36253738 0.90856200
6.76470327 3.45280385 0.89949989
6.76470327 3.54307032 0.89113760
6.76470327 3.63333678 0.88306296
6.76470327 3.72360325 0.87366039
6.76470327 3.81386971 0.86511940
6.76470327 3.90413618 0.85579282
6.76470327 3.99440265 0.84694862
6.76470327 4.08466911 0.83865184
6.76470327 4.17493534 0.82923502
6.76470327 4.26520157 0.81951243
6.76470327 4.35546780 0.80978823
6.76470327 4.44573402 0.80130970
6.76470327 4.53600025 0.79148996
7.35293865 0.02268000 1.00000000
7.35293865 0.11294640 0.99494976
7.35293865 0.20321280 0.99493861
7.35293865 0.29347920 0.99493676
7.35293865 0.38374561 0.99492919
7.35293865 0.47401202 0.99490881
7.35293865 0.56427842 0.99492031
7.35293865 0.65454483 0.99493849
7.35293865 0.74481124 0.99491698
7.35293865 0.83507764 0.99489832
7.35293865 0.92534405 0.99493259
7.35293865 1.01561046 0.99493402
7.35293865 1.10587680 0.99492031
7.35293865 1.19614315 0.99491543
7.35293865 1.28640950 0.99492288
7.35293865 1.37667584 0.99485743
7.35293865 1.46694219 0.99488461
7.35293865 1.55720854 0.99479115
7.35293865 1.64747488 0.99444407
7.35293865 1.73774123 0.99432033
7.35293865 1.82800758 0.99273264
7.35293865 1.91827393 0.99255735
7.35293865 2.00854039 0.99203080
7.35293865 2.09880686 0.98677790
7.35293865 2.18907332 0.98613465
7.35293865 2.27933979 0.98400378
7.35293865 2.36960626 0.97865736
7.35293865 2.45987272 0.97641414
7.35293865 2.55013919 0.97543478
7.35293865 2.64040565 0.96945477
7.35293865 2.73067212 0.96198815
7.35293865 2.82093859 0.95935446
7.35293865 2.91120505 0.95319474
7.35293865 3.00147152 0.95009613
7.35293865 3.09173799 0.94234347
7.35293865 3.18200445 0.93594259
7.35293865 3.27227092 0.93245238
7.35293865 3.36253738 0.92487258
7.35293865 3.45280385 0.91594744
7.35293865 3.54307032 0.90900767
7.35293865 3.63333678 0.90088707
7.35293865 3.72360325 0.89300865
7.35293865 3.81386971 0.88402873
7.35293865 3.90413618 0.87995863
7.35293865 3.99440265 0.87150139
7.35293865 4.08466911 0.86320484
7.35293865 4.17493534 0.85412288
7.35293865 4.26520157 0.84554285
7.35293865 4.35546780 0.83742005
7.35293865 4.44573402 0.82825148
7.35293865 4.53600025 0.81957990
7.94117403 0.02268000 1.00000000
7.94117403 0.11294640 1.00000000
7.94117403 0.20321280 0.99490857
7.94117403 0.29347920 0.99492347
7.94117403 0.38374561 0.99490327
7.94117403 0.47401202 0.99489737
7.94117403 0.56427842 0.99494654
7.94117403 0.65454483 0.99491382
7.94117403 0.74481124 0.99493849
7.94117403 0.83507764 0.99494743
7.94117403 0.92534405 0.99490064
7.94117403 1.01561046 0.99490333
7.94117403 1.10587680 0.99492675
7.94117403 1.19614315 0.99490476
7.94117403 1.28640950 0.99490625
7.94117403 1.37667584 0.99491692
7.94117403 1.46694219 0.99489003
7.94117403 1.55720854 0.99489808
7.94117403 1.64747488 0.99477184
7.94117403 1.73774123 0.99442565
7.94117403 1.82800758 0.99431318
7.94117403 1.91827393 0.99273109
7.94117403 2.00854039 0.99260598
7.94117403 2.09880686 0.99207717
7.94117403 2.18907332 0.98690432
7.94117403 2.27933979 0.98626655
7.94117403 2.36960626 0.98452717
7.94117403 2.45987272 0.98383546
7.94117403 2.55013919 0.97809094
7.94117403 2.64040565 0.97592217
7.94117403 2.73067212 0.97035253
7.94117403 2.82093859 0.96786666
7.94117403 2.91120505 0.96184766
7.94117403 3.00147152 0.95892262
7.94117403 3.09173799 0.95270556
7.94117403 3.18200445 0.94535804
7.94117403 3.27227092 0.94239283
7.94117403 3.36253738 0.93580425
7.94117403 3.45280385 0.92820996
7.94117403 3.54307032 0.92475158
7.94117403 3.63333678 0.91690260
7.94117403 3.72360325 0.91023254
7.94117403 3.81386971 0.90248317
7.94117403 3.90413618 0.89364821
7.94117403 3.99440265 0.88979441
7.94117403 4.08466911 0.88192153
7.94117403 4.17493534 0.87384588
7.94117403 4.26520157 0.86582571
7.94117403 4.35546780 0.85688585
7.94117403 4.44573402 0.84993070
7.94117403 4.53600025 0.84159994
8.52940941 0.02268000 1.00000000
8.52940941 0.11294640 1.00000000
8.52940941 0.20321280 0.99493200
8.52940941 0.29347920 0.99491012
8.52940941 0.38374561 0.99493307
8.52940941 0.47401202 0.99490529
8.52940941 0.56427842 0.99492234
8.52940941 0.65454483 0.99493504
8.52940941 0.74481124 0.99493676
8.52940941 0.83507764 0.99490732
8.52940941 0.92534405 0.99493819
8.52940941 1.01561046 0.99492812
8.52940941 1.10587680 0.99490815
8.52940941 1.19614315 0.99490261
8.52940941 1.28640950 0.99492496
8.52940941 1.37667584 0.99489790
8.52940941 1.46694219 0.99492687
8.52940941 1.55720854 0.99489492
8.52940941 1.64747488 0.99479222
8.52940941 1.73774123 0.99474156
8.52940941 1.82800758 0.99444556
8.52940941 1.91827393 0.99431729
8.52940941 2.00854039 0.99275488
8.52940941 2.09880686 0.99258399
8.52940941 2.18907332 0.99211240
8.52940941 2.27933979 0.98695195
8.52940941 2.36960626 0.98630255
8.52940941 2.45987272 0.98464501
8.52940941 2.55013919 0.98385876
8.52940941 2.64040565 0.97864014
8.52940941 2.73067212 0.97641909
8.52940941 2.82093859 0.97064066
8.52940941 2.91120505 0.96978676
8.52940941 3.00147152 0.96740782
8.52940941 3.09173799 0.96134108
8.52940941 3.18200445 0.95875818
8.52940941 3.27227092 0.95137942
8.52940941 3.36253738 0.94515198
8.52940941 3.45280385 0.94201809
8.52940941 3.54307032 0.93579882
8.52940941 3.63333678 0.92822641
8.52940941 3.72360325 0.92497259
8.52940941 3.81386971 0.91735041
8.52940941 3.90413618 0.91069800
8.52940941 3.99440265 0.90319031
8.52940941 4.08466911 0.89945322
8.52940941 4.17493534 0.89146072
8.52940941 4.26520157 0.88362938
8.52940941 4.35546780 0.87688392
8.52940941 4.44573402 0.86910224
8.52940941 4.53600025 0.86035132
9.11764431 0.02268000 1.00000000
9.11764431 0.11294640 1.00000000
9.11764431 0.20321280 0.99494159
9.11764431 0.29347920 0.99490404
9.11764431 0.38374561 0.99492526
9.11764431 0.47401202 0.99491507
9.11764431 0.56427842 0.99491686
9.11764431 0.65454483 0.99493068
9.11764431 0.74481124 0.99493849
9.11764431 0.83507764 0.99492759
9.11764431 0.92534405 0.99492443
9.11764431 1.01561046 0.99490845
9.11764431 1.10587680 0.99494004
9.11764431 1.19614315 0.99491686
9.11764431 1.28640950 0.99490893
9.11764431 1.37667584 0.99490118
9.11764431 1.46694219 0.99491554
9.11764431 1.55720854 0.99491835
9.11764431 1.64747488 0.99486220
9.11764431 1.73774123 0.99478519
9.11764431 1.82800758 0.99475235
9.11764431 1.91827393 0.99442381
9.11764431 2.00854039 0.99430811
9.11764431 2.09880686 0.99421382
9.11764431 2.18907332 0.99260265
9.11764431 2.27933979 0.99221849
9.11764431 2.36960626 0.98697001
9.11764431 2.45987272 0.98675770
9.11764431 2.55013919 0.98615956
9.11764431 2.64040565 0.98423278
9.11764431 2.73067212 0.97887731
9.11764431 2.82093859 0.97819042
9.11764431 2.91120505 0.97590029
9.11764431 3.00147152 0.97049797
9.11764431 3.09173799 0.96798700
9.11764431 3.18200445 0.96238464
9.11764431 3.27227092 0.95985097
9.11764431 3.36253738 0.95391381
9.11764431 3.45280385 0.95124733
9.11764431 3.54307032 0.94491708
9.11764431 3.63333678 0.94211167
9.11764431 3.72360325 0.93502986
9.11764431 3.81386971 0.92888045
9.11764431 3.90413618 0.92556518
9.11764431 3.99440265 0.91821605
9.11764431 4.08466911 0.91162169
9.11764431 4.17493534 0.90413684
9.11764431 4.26520157 0.90058410
9.11764431 4.35546780 0.89316332
9.11764431 4.44573402 0.88661373
9.11764431 4.53600025 0.87807435
9.70587921 0.02268000 1.00000000
9.70587921 0.11294640 1.00000000
9.70587921 0.20321280 0.99493635
9.70587921 0.29347920 0.99493128
9.70587921 0.38374561 0.99491775
9.70587921 0.47401202 0.99492568
9.70587921 0.56427842 0.99492478
9.70587921 0.65454483 0.99492043
9.70587921 0.74481124 0.99493665
9.70587921 0.83507764 0.99490696
9.70587921 0.92534405 0.99492413
9.70587921 1.01561046 0.99492383
9.70587921 1.10587680 0.99491107
9.70587921 1.19614315 0.99492347
9.70587921 1.28640950 0.99493128
9.70587921 1.37667584 0.99491149
9.70587921 1.46694219 0.99492002
9.70587921 1.55720854 0.99492311
9.70587921 1.64747488 0.99490589
9.70587921 1.73774123 0.99489707
9.70587921 1.82800758 0.99480957
9.70587921 1.91827393 0.99475020
9.70587921 2.00854039 0.99443799
9.70587921 2.09880686 0.99439806
9.70587921 2.18907332 0.99421376
9.70587921 2.27933979 0.99259484
9.70587921 2.36960626 0.99221313
9.70587921 2.45987272 0.99199253
9.70587921 2.55013919 0.98682106
9.70587921 2.64040565 0.98619187
9.70587921 2.73067212 0.98454356
9.70587921 2.82093859 0.98386228
9.70587921 2.91120505 0.97832543
9.70587921 3.00147152 0.97641492
9.70587921 3.09173799 0.97096074
9.70587921 3.18200445 0.96992898
9.70587921 3.27227092 0.96752638
9.70587921 3.36253738 0.96197873
9.70587921 3.45280385 0.95939773
9.70587921 3.54307032 0.95362526
9.70587921 3.63333678 0.95089483
9.70587921 3.72360325 0.94485670
9.70587921 3.81386971 0.93791795
9.70587921 3.90413618 0.93506902
9.70587921 3.99440265 0.92877662
9.70587921 4.08466911 0.92573452
9.70587921 4.17493534 0.91826743
9.70587921 4.26520157 0.91198647
9.70587921 4.35546780 0.90470588
9.70587921 4.44573402 0.90145451
9.70587921 4.53600025 0.89482868
10.29411411 0.02268000 1.00000000
10.29411411 0.11294640 1.00000000
10.29411411 0.20321280 0.99494469
10.29411411 0.29347920 0.99492800
10.29411411 0.38374561 0.99491882
10.29411411 0.47401202 0.99491596
10.29411411 0.56427842 0.99493700
10.29411411 0.65454483 0.99493849
10.29411411 0.74481124 0.99491185
10.29411411 0.83507764 0.99490696
10.29411411 0.92534405 0.99492532
10.29411411 1.01561046 0.99491721
10.29411411 1.10587680 0.99494582
10.29411411 1.19614315 0.99493396
10.29411411 1.28640950 0.99493128
10.29411411 1.37667584 0.99492162
10.29411411 1.46694219 0.99493194
10.29411411 1.55720854 0.99493396
10.29411411 1.64747488 0.99492526
10.29411411 1.73774123 0.99487966
10.29411411 1.82800758 0.99488097
10.29411411 1.91827393 0.99482119
10.29411411 2.00854039 0.99476051
10.29411411 2.09880686 0.99442858
10.29411411 2.18907332 0.99438596
10.29411411 2.27933979 0.99420226
10.29411411 2.36960626 0.99268758
10.29411411 2.45987272 0.99223059
10.29411411 2.55013919 0.99201757
10.29411411 2.64040565 0.98685533
10.29411411 2.73067212 0.98644626
10.29411411 2.82093859 0.98464310
10.29411411 2.91120505 0.98403698
10.29411411 3.00147152 0.97867274
10.29411411 3.09173799 0.97676128
10.29411411 3.18200445 0.97602755
10.29411411 3.27227092 0.97072393
10.29411411 3.36253738 0.96829504
10.29411411 3.45280385 0.96257043
10.29411411 3.54307032 0.96051085
10.29411411 3.63333678 0.95465577
10.29411411 3.72360325 0.95220381
10.29411411 3.81386971 0.94625181
10.29411411 3.90413618 0.94404739
10.29411411 3.99440265 0.93796134
10.29411411 4.08466911 0.93509656
10.29411411 4.17493534 0.92893237
10.29411411 4.26520157 0.92598623
10.29411411 4.35546780 0.91854161
10.29411411 4.44573402 0.91216415
10.29411411 4.53600025 0.90898657
10.88234901 0.02268000 1.00000000
10.88234901 0.11294640 1.00000000
10.88234901 0.20321280 0.99487668
10.88234901 0.29347920 0.99492669
10.88234901 0.38374561 0.99493295
10.88234901 0.47401202 0.99492806
10.88234901 0.56427842 0.99493593
10.88234901 0.65454483 0.99493033
10.88234901 0.74481124 0.99493873
10.88234901 0.83507764 0.99494678
10.88234901 0.92534405 0.99493062
10.88234901 1.01561046 0.99492627
10.88234901 1.10587680 0.99492639
10.88234901 1.19614315 0.99489588
10.88234901 1.28640950 0.99491584
10.88234901 1.37667584 0.99494201
10.88234901 1.46694219 0.99494100
10.88234901 1.55720854 0.99493271
10.88234901 1.64747488 0.99491799
10.88234901 1.73774123 0.99490708
10.88234901 1.82800758 0.99490148
10.88234901 1.91827393 0.99487007
10.88234901 2.00854039 0.99479616
10.88234901 2.09880686 0.99475598
10.88234901 2.18907332 0.99443048
10.88234901 2.27933979 0.99439806
10.88234901 2.36960626 0.99422491
10.88234901 2.45987272 0.99269712
10.88234901 2.55013919 0.99256641
10.88234901 2.64040565 0.99210727
10.88234901 2.73067212 0.98696131
10.88234901 2.82093859 0.98646337
10.88234901 2.91120505 0.98472303
10.88234901 3.00147152 0.98417461
10.88234901 3.09173799 0.97906590
10.88234901 3.18200445 0.97830224
10.88234901 3.27227092 0.97657716
10.88234901 3.36253738 0.97091395
10.88234901 3.45280385 0.97000718
10.88234901 3.54307032 0.96804613
10.88234901 3.63333678 0.96213198
10.88234901 3.72360325 0.95991868
10.88234901 3.81386971 0.95452744
10.88234901 3.90413618 0.95204699
10.88234901 3.99440265 0.94609421
10.88234901 4.08466911 0.94385886
10.88234901 4.17493534 0.93798327
10.88234901 4.26520157 0.93499488
10.88234901 4.35546780 0.92897242
10.88234901 4.44573402 0.92166221
10.88234901 4.53600025 0.91945469
11.47058392 0.02268000 1.00000000
11.47058392 0.11294640 1.00000000
11.47058392 0.20321280 0.99491918
11.47058392 0.29347920 0.99491489
11.47058392 0.38374561 0.99493718
11.47058392 0.47401202 0.99491614
11.47058392 0.56427842 0.99492639
11.47058392 0.65454483 0.99492711
11.47058392 0.74481124 0.99489123
11.47058392 0.83507764 0.99493629
11.47058392 0.92534405 0.99494678
11.47058392 1.01561046 0.99494249
11.47058392 1.10587680 0.99493772
11.47058392 1.19614315 0.99491978
11.47058392 1.28640950 0.99491936
11.47058392 1.37667584 0.99493247
11.47058392 1.46694219 0.99491554
11.47058392 1.55720854 0.99492472
11.47058392 1.64747488 0.99495029
11.47058392 1.73774123 0.99492508
11.47058392 1.82800758 0.99491453
11.47058392 1.91827393 0.99489892
11.47058392 2.00854039 0.99488658
11.47058392 2.09880686 0.99478430
11.47058392 2.18907332 0.99476415
11.47058392 2.27933979 0.99441493
11.47058392 2.36960626 0.99439448
11.47058392 2.45987272 0.99422622
11.47058392 2.55013919 0.99269676
11.47058392 2.64040565 0.99254984
11.47058392 2.73067212 0.99213010
11.47058392 2.82093859 0.98700106
11.47058392 2.91120505 0.98645592
11.47058392 3.00147152 0.98630273
11.47058392 3.09173799 0.98454887
11.47058392 3.18200445 0.98401099
11.47058392 3.27227092 0.97841531
11.47058392 3.36253738 0.97672313
11.47058392 3.45280385 0.97593689
11.47058392 3.54307032 0.97050768
11.47058392 3.63333678 0.96851587
11.47058392 3.72360325 0.96303374
11.47058392 3.81386971 0.96201140
11.47058392 3.90413618 0.95953977
11.47058392 3.99440265 0.95409691
11.47058392 4.08466911 0.95171118
11.47058392 4.17493534 0.94582921
11.47058392 4.26520157 0.94357044
11.47058392 4.35546780 0.93761986
11.47058392 4.44573402 0.93494773
11.47058392 4.53600025 0.92906839
12.05881882 0.02268000 1.00000000
12.05881882 0.11294640 1.00000000
12.05881882 0.20321280 0.99490929
12.05881882 0.29347920 0.99492723
12.05881882 0.38374561 0.99491733
12.05881882 0.47401202 0.99491036
12.05881882 0.56427842 0.99491733
12.05881882 0.65454483 0.99492443
12.05881882 0.74481124 0.99492121
12.05881882 0.83507764 0.99493206
12.05881882 0.92534405 0.99492759
12.05881882 1.01561046 0.99490368
12.05881882 1.10587680 0.99491489
12.05881882 1.19614315 0.99493325
12.05881882 1.28640950 0.99491680
12.05881882 1.37667584 0.99491358
12.05881882 1.46694219 0.99492991
12.05881882 1.55720854 0.99491996
12.05881882 1.64747488 0.99491715
12.05881882 1.73774123 0.99490714
12.05881882 1.82800758 0.99493372
12.05881882 1.91827393 0.99489343
12.05881882 2.00854039 0.99490321
12.05881882 2.09880686 0.99485326
12.05881882 2.18907332 0.99480700
12.05881882 2.27933979 0.99473393
12.05881882 2.36960626 0.99442905
12.05881882 2.45987272 0.99436682
12.05881882 2.55013919 0.99422413
12.05881882 2.64040565 0.99272907
12.05881882 2.73067212 0.99259949
12.05881882 2.82093859 0.99222171
12.05881882 2.91120505 0.98697275
12.05881882 3.00147152 0.98684454
12.05881882 3.09173799 0.98635566
12.05881882 3.18200445 0.98457712
12.05881882 3.27227092 0.98415232
12.05881882 3.36253738 0.97896314
12.05881882 3.45280385 0.97829342
12.05881882 3.54307032 0.97627169
12.05881882 3.63333678 0.97106689
12.05881882 3.72360325 0.97031957
12.05881882 3.81386971 0.96817380
12.05881882 3.90413618 0.96291709
12.05881882 3.99440265 0.96052504
12.05881882 4.08466911 0.95481640
12.05881882 4.17493534 0.95396960
12.05881882 4.26520157 0.95159090
12.05881882 4.35546780 0.94569838
12.05881882 4.44573402 0.94346100
12.05881882 4.53600025 0.93757534
12.64705372 0.02268000 1.00000000
12.64705372 0.11294640 1.00000000
12.64705372 0.20321280 0.99494249
12.64705372 0.29347920 0.99494570
12.64705372 0.38374561 0.99492884
12.64705372 0.47401202 0.99494052
12.64705372 0.56427842 0.99492979
12.64705372 0.65454483 0.99491912
12.64705372 0.74481124 0.99493104
12.64705372 0.83507764 0.99491251
12.64705372 0.92534405 0.99492484
12.64705372 1.01561046 0.99491978
12.64705372 1.10587680 0.99494117
12.64705372 1.19614315 0.99491471
12.64705372 1.28640950 0.99493361
12.64705372 1.37667584 0.99495220
12.64705372 1.46694219 0.99490505
12.64705372 1.55720854 0.99492592
12.64705372 1.64747488 0.99491811
12.64705372 1.73774123 0.99492002
12.64705372 1.82800758 0.99492145
12.64705372 1.91827393 0.99492735
12.64705372 2.00854039 0.99489808
12.64705372 2.09880686 0.99490798
12.64705372 2.18907332 0.99480128
12.64705372 2.27933979 0.99480850
12.64705372 2.36960626 0.99472940
12.64705372 2.45987272 0.99441803
12.64705372 2.55013919 0.99438411
12.64705372 2.64040565 0.99428409
12.64705372 2.73067212 0.99269754
12.64705372 2.82093859 0.99259740
12.64705372 2.91120505 0.99222267
12.64705372 3.00147152 0.99206769
12.64705372 3.09173799 0.98688990
12.64705372 3.18200445 0.98646301
12.64705372 3.27227092 0.98486644
12.64705372 3.36253738 0.98423547
12.64705372 3.45280385 0.97913378
12.64705372 3.54307032 0.97839260
12.64705372 3.63333678 0.97673631
12.64705372 3.72360325 0.97593349
12.64705372 3.81386971 0.97056204
12.64705372 3.90413618 0.96855527
12.64705372 3.99440265 0.96787930
12.64705372 4.08466911 0.96219862
12.64705372 4.17493534 0.96038169
12.64705372 4.26520157 0.95468068
12.64705372 4.35546780 0.95267725
12.64705372 4.44573402 0.94695508
12.64705372 4.53600025 0.94431895
13.23528862 0.02268000 1.00000000
13.23528862 0.11294640 1.00000000
13.23528862 0.20321280 0.99490041
13.23528862 0.29347920 0.99493092
13.23528862 0.38374561 0.99492651
13.23528862 0.47401202 0.99491251
13.23528862 0.56427842 0.99491704
13.23528862 0.65454483 0.99492925
13.23528862 0.74481124 0.99490112
13.23528862 0.83507764 0.99490321
13.23528862 0.92534405 0.99492127
13.23528862 1.01561046 0.99493933
13.23528862 1.10587680 0.99491870
13.23528862 1.19614315 0.99492776
13.23528862 1.28640950 0.99492151
13.23528862 1.37667584 0.99491531
13.23528862 1.46694219 0.99493772
13.23528862 1.55720854 0.99491578
13.23528862 1.64747488 0.99494117
13.23528862 1.73774123 0.99493933
13.23528862 1.82800758 0.99492371
13.23528862 1.91827393 0.99490297
13.23528862 2.00854039 0.99490833
13.23528862 2.09880686 0.99486721
13.23528862 2.18907332 0.99488717
13.23528862 2.27933979 0.99477953
13.23528862 2.36960626 0.99479359
13.23528862 2.45987272 0.99475944
13.23528862 2.55013919 0.99442881
13.23528862 2.64040565 0.99438930
13.23528862 2.73067212 0.99427015
13.23528862 2.82093859 0.99270481
13.23528862 2.91120505 0.99261558
13.23528862 3.00147152 0.99219781
13.23528862 3.09173799 0.99207079
13.23528862 3.18200445 0.98684102
13.23528862 3.27227092 0.98647445
13.23528862 3.36253738 0.98489100
13.23528862 3.45280385 0.98456824
13.23528862 3.54307032 0.98410219
13.23528862 3.63333678 0.97894204
13.23528862 3.72360325 0.97682530
13.23528862 3.81386971 0.97631395
13.23528862 3.90413618 0.97104979
13.23528862 3.99440265 0.97037941
13.23528862 4.08466911 0.96814698
13.23528862 4.17493534 0.96298337
13.23528862 4.26520157 0.96073705
13.23528862 4.35546780 0.95991188
13.23528862 4.44573402 0.95435572
13.23528862 4.53600025 0.95256823
13.82352352 0.02268000 1.00000000
13.82352352 0.11294640 1.00000000
13.82352352 0.20321280 0.99492389
13.82352352 0.29347920 0.99491602
13.82352352 0.38374561 0.99490708
13.82352352 0.47401202 0.99493933
13.82352352 0.56427842 0.99494302
13.82352352 0.65454483 0.99493408
13.82352352 0.74481124 0.99493003
13.82352352 0.83507764 0.99492002
13.82352352 0.92534405 0.99491864
13.82352352 1.01561046 0.99492979
13.82352352 1.10587680 0.99492043
13.82352352 1.19614315 0.99492943
13.82352352 1.28640950 0.99490517
13.82352352 1.37667584 0.99492747
13.82352352 1.46694219 0.99490798
13.82352352 1.55720854 0.99494094
13.82352352 1.64747488 0.99491060
13.82352352 1.73774123 0.99490494
13.82352352 1.82800758 0.99493057
13.82352352 1.91827393 0.99491918
13.82352352 2.00854039 0.99492687
13.82352352 2.09880686 0.99490404
13.82352352 2.18907332 0.99489170
13.82352352 2.27933979 0.99488282
13.82352352 2.36960626 0.99480969
13.82352352 2.45987272 0.99476904
13.82352352 2.55013919 0.99476516
13.82352352 2.64040565 0.99442327
13.82352352 2.73067212 0.99441165
13.82352352 2.82093859 0.99428284
13.82352352 2.91120505 0.99273366
13.82352352 3.00147152 0.99261254
13.82352352 3.09173799 0.99222058
13.82352352 3.18200445 0.99208784
13.82352352 3.27227092 0.98690087
13.82352352 3.36253738 0.98650891
13.82352352 3.45280385 0.98631859
13.82352352 3.54307032 0.98475951
13.82352352 3.63333678 0.98412114
13.82352352 3.72360325 0.97903895
13.82352352 3.81386971 0.97830021
13.82352352 3.90413618 0.97673953
13.82352352 3.99440265 0.97613901
13.82352352 4.08466911 0.97061777
13.82352352 4.17493534 0.96891218
13.82352352 4.26520157 0.96803385
13.82352352 4.35546780 0.96266711
13.82352352 4.44573402 0.96055210
13.82352352 4.53600025 0.95525181
14.41175842 0.02268000 1.00000000
14.41175842 0.11294640 1.00000000
14.41175842 0.20321280 0.99493128
14.41175842 0.29347920 0.99494100
14.41175842 0.38374561 0.99493223
14.41175842 0.47401202 0.99492359
14.41175842 0.56427842 0.99492747
14.41175842 0.65454483 0.99492723
14.41175842 0.74481124 0.99494272
14.41175842 0.83507764 0.99491799
14.41175842 0.92534405 0.99489683
14.41175842 1.01561046 0.99492222
14.41175842 1.10587680 0.99493754
14.41175842 1.19614315 0.99494994
14.41175842 1.28640950 0.99492812
14.41175842 1.37667584 0.99490875
14.41175842 1.46694219 0.99491513
14.41175842 1.55720854 0.99494475
14.41175842 1.64747488 0.99492127
14.41175842 1.73774123 0.99492502
14.41175842 1.82800758 0.99491948
14.41175842 1.91827393 0.99491364
14.41175842 2.00854039 0.99494737
14.41175842 2.09880686 0.99490881
14.41175842 2.18907332 0.99491233
14.41175842 2.27933979 0.99488908
14.41175842 2.36960626 0.99486101
14.41175842 2.45987272 0.99481559
14.41175842 2.55013919 0.99481082
14.41175842 2.64040565 0.99475455
14.41175842 2.73067212 0.99445021
14.41175842 2.82093859 0.99439830
14.41175842 2.91120505 0.99428225
14.41175842 3.00147152 0.99274510
14.41175842 3.09173799 0.99261570
14.41175842 3.18200445 0.99222308
14.41175842 3.27227092 0.99213111
14.41175842 3.36253738 0.98710126
14.41175842 3.45280385 0.98686934
14.41175842 3.54307032 0.98638636
14.41175842 3.63333678 0.98483628
14.41175842 3.72360325 0.98428786
14.41175842 3.81386971 0.97919142
14.41175842 3.90413618 0.97866029
14.41175842 3.99440265 0.97684509
14.41175842 4.08466911 0.97633886
14.41175842 4.17493534 0.97106010
14.41175842 4.26520157 0.97039855
14.41175842 4.35546780 0.96875095
14.41175842 4.44573402 0.96311581
14.41175842 4.53600025 0.96245998
14.99999332 0.02268000 1.00000000
14.99999332 0.11294640 1.00000000
14.99999332 0.20321280 0.99492556
14.99999332 0.29347920 0.99491912
14.99999332 0.38374561 0.99493188
14.99999332 0.47401202 0.99492568
14.99999332 0.56427842 0.99492425
14.99999332 0.65454483 0.99492592
14.99999332 0.74481124 0.99492556
14.99999332 0.83507764 0.99493629
14.99999332 0.92534405 0.99492210
14.99999332 1.01561046 0.99492568
14.99999332 1.10587680 0.99493128
14.99999332 1.19614315 0.99494189
14.99999332 1.28640950 0.99492872
14.99999332 1.37667584 0.99492192
14.99999332 1.46694219 0.99493951
14.99999332 1.55720854 0.99490064
14.99999332 1.64747488 0.99491554
14.99999332 1.73774123 0.99491286
14.99999332 1.82800758 0.99491018
14.99999332 1.91827393 0.99492788
14.99999332 2.00854039 0.99490577
14.99999332 2.09880686 0.99491924
14.99999332 2.18907332 0.99491727
14.99999332 2.27933979 0.99491692
14.99999332 2.36960626 0.99488187
14.99999332 2.45987272 0.99489069
14.99999332 2.55013919 0.99479842
14.99999332 2.64040565 0.99477351
14.99999332 2.73067212 0.99472088
14.99999332 2.82093859 0.99441069
14.99999332 2.91120505 0.99439305
14.99999332 3.00147152 0.99428654
14.99999332 3.09173799 0.99277323
14.99999332 3.18200445 0.99261075
14.99999332 3.27227092 0.99226415
14.99999332 3.36253738 0.99210805
14.99999332 3.45280385 0.98710370
14.99999332 3.54307032 0.98685479
14.99999332 3.63333678 0.98650241
14.99999332 3.72360325 0.98492312
14.99999332 3.81386971 0.98439109
14.99999332 3.90413618 0.98407692
14.99999332 3.99440265 0.97899795
14.99999332 4.08466911 0.97852296
14.99999332 4.17493534 0.97668159
14.99999332 4.26520157 0.97619593
14.99999332 4.35546780 0.97056943
14.99999332 4.44573402 0.96897316
14.99999332 4.53600025 0.96807492
