-0.50000000 0.02268000 -1.00000000
-0.50000000 0.11294640 -0.99492884
-0.50000000 0.20321280 -0.99490720
-0.50000000 0.29347920 -0.99489480
-0.50000000 0.38374561 -0.99489135
-0.50000000 0.47401202 -0.99480224
-0.50000000 0.56427842 -0.99459189
-0.50000000 0.65454483 -0.99390906
-0.50000000 0.74481124 -0.99168324
-0.50000000 0.83507764 -0.98402566
-0.50000000 0.92534405 -0.97915733
-0.50000000 1.01561046 -0.95930773
-0.50000000 1.10587680 -0.94199073
-0.50000000 1.19614315 -0.91909999
-0.50000000 1.28640950 -0.88237292
-0.50000000 1.37667584 -0.83908755
-0.50000000 1.46694219 -0.78859341
-0.50000000 1.55720854 -0.72592640
-0.50000000 1.64747488 -0.66559547
-0.50000000 1.73774123 -0.60387820
-0.50000000 1.82800758 -0.54631048
-0.50000000 1.91827393 -0.49054098
-0.50000000 2.00854039 -0.44268039
-0.50000000 2.09880686 -0.40401500
-0.50000000 2.18907332 -0.36514539
-0.50000000 2.27933979 -0.33155987
-0.50000000 2.36960626 -0.30185837
-0.50000000 2.45987272 -0.28001651
-0.50000000 2.55013919 -0.25824282
-0.50000000 2.64040565 -0.24062991
-0.50000000 2.73067212 -0.22315402
-0.50000000 2.82093859 -0.20983057
-0.50000000 2.91120505 -0.19634421
-0.50000000 3.00147152 -0.18446423
-0.50000000 3.09173799 -0.17403866
-0.50000000 3.18200445 -0.16550681
-0.50000000 3.27227092 -0.15645169
-0.50000000 3.36253738 -0.14870819
-0.50000000 3.45280385 -0.14144915
-0.50000000 3.54307032 -0.13590308
-0.50000000 3.63333678 -0.12906659
-0.50000000 3.72360325 -0.12522678
-0.50000000 3.81386971 -0.11952841
-0.50000000 3.90413618 -0.11509033
-0.50000000 3.99440265 -0.11110223
-0.50000000 4.08466911 -0.10606372
-0.50000000 4.17493534 -0.10174262
-0.50000000 4.26520157 -0.09893085
-0.50000000 4.35546780 -0.09491111
-0.50000000 4.44573402 -0.09286956
-0.50000000 4.53600025 -0.08930997
-0.48039216 0.02268000 -1.00000000
-0.48039216 0.11294640 -0.99492955
-0.48039216 0.20321280 -0.99490196
-0.48039216 0.29347920 -0.99489510
-0.48039216 0.38374561 -0.99489695
-0.48039216 0.47401202 -0.99480629
-0.48039216 0.56427842 -0.99460113
-0.48039216 0.65454483 -0.99391758
-0.48039216 0.74481124 -0.99157810
-0.48039216 0.83507764 -0.98379713
-0.48039216 0.92534405 -0.97239321
-0.48039216 1.01561046 -0.95855725
-0.48039216 1.10587680 -0.94083744
-0.48039216 1.19614315 -0.90897983
-0.48039216 1.28640950 -0.87909830
-0.48039216 1.37667584 -0.83407789
-0.48039216 1.46694219 -0.77390778
-0.48039216 1.55720854 -0.71649414
-0.48039216 1.64747488 -0.65788859
-0.48039216 1.73774123 -0.59174293
-0.48039216 1.82800758 -0.53161514
-0.48039216 1.91827393 -0.47714663
-0.48039216 2.00854039 -0.42986664
-0.48039216 2.09880686 -0.38698751
-0.48039216 2.18907332 -0.35019243
-0.48039216 2.27933979 -0.32079804
-0.48039216 2.36960626 -0.29318804
-0.48039216 2.45987272 -0.26972154
-0.48039216 2.55013919 -0.24896216
-0.48039216 2.64040565 -0.23042801
-0.48039216 2.73067212 -0.21515521
-0.48039216 2.82093859 -0.20151034
-0.48039216 2.91120505 -0.18811417
-0.48039216 3.00147152 -0.17676952
-0.48039216 3.09173799 -0.16752796
-0.48039216 3.18200445 -0.15876126
-0.48039216 3.27227092 -0.15042286
-0.48039216 3.36253738 -0.14339456
-0.48039216 3.45280385 -0.13744806
-0.48039216 3.54307032 -0.12971851
-0.48039216 3.63333678 -0.12446164
-0.48039216 3.72360325 -0.11902786
-0.48039216 3.81386971 -0.11427649
-0.48039216 3.90413618 -0.10979767
-0.48039216 3.99440265 -0.10610697
-0.48039216 4.08466911 -0.10194027
-0.48039216 4.17493534 -0.09765561
-0.48039216 4.26520157 -0.09497287
-0.48039216 4.35546780 -0.09213608
-0.48039216 4.44573402 -0.08887362
-0.48039216 4.53600025 -0.08574396
-0.46078432 0.02268000 -1.00000000
-0.46078432 0.11294640 -0.99490601
-0.46078432 0.20321280 -0.99491614
-0.46078432 0.29347920 -0.99490345
-0.46078432 0.38374561 -0.99491698
-0.46078432 0.47401202 -0.99479359
-0.46078432 0.56427842 -0.99461448
-0.46078432 0.65454483 -0.99390334
-0.46078432 0.74481124 -0.99149722
-0.46078432 0.83507764 -0.98377383
-0.46078432 0.92534405 -0.97231501
-0.46078432 1.01561046 -0.95818973
-0.46078432 1.10587680 -0.93817222
-0.46078432 1.19614315 -0.90785658
-0.46078432 1.28640950 -0.87725312
-0.46078432 1.37667584 -0.82212549
-0.46078432 1.46694219 -0.76950973
-0.46078432 1.55720854 -0.70868981
-0.46078432 1.64747488 -0.64051664
-0.46078432 1.73774123 -0.57740217
-0.46078432 1.82800758 -0.51880300
-0.46078432 1.91827393 -0.46347353
-0.46078432 2.00854039 -0.41584808
-0.46078432 2.09880686 -0.37389663
-0.46078432 2.18907332 -0.33789173
-0.46078432 2.27933979 -0.30957565
-0.46078432 2.36960626 -0.28420952
-0.46078432 2.45987272 -0.25847253
-0.46078432 2.55013919 -0.23907477
-0.46078432 2.64040565 -0.22182931
-0.46078432 2.73067212 -0.20852484
-0.46078432 2.82093859 -0.19273330
-0.46078432 2.91120505 -0.18185763
-0.46078432 3.00147152 -0.17172268
-0.46078432 3.09173799 -0.16162854
-0.46078432 3.18200445 -0.15151004
-0.46078432 3.27227092 -0.14444482
-0.46078432 3.36253738 -0.13705161
-0.46078432 3.45280385 -0.12998672
-0.46078432 3.54307032 -0.12561379
-0.46078432 3.63333678 -0.11935522
-0.46078432 3.72360325 -0.11398929
-0.46078432 3.81386971 -0.11000089
-0.46078432 3.90413618 -0.10543411
-0.46078432 3.99440265 -0.10144980
-0.46078432 4.08466911 -0.09761187
-0.46078432 4.17493534 -0.09515298
-0.46078432 4.26520157 -0.09145126
-0.46078432 4.35546780 -0.08774851
-0.46078432 4.44573402 -0.08554602
-0.46078432 4.53600025 -0.08277292
-0.44117647 0.02268000 -1.00000000
-0.44117647 0.11294640 -0.99492395
-0.44117647 0.20321280 -0.99493086
-0.44117647 0.29347920 -0.99490845
-0.44117647 0.38374561 -0.99490136
-0.44117647 0.47401202 -0.99479872
-0.44117647 0.56427842 -0.99460119
-0.44117647 0.65454483 -0.99386853
-0.44117647 0.74481124 -0.99143958
-0.44117647 0.83507764 -0.98332608
-0.44117647 0.92534405 -0.97184139
-0.44117647 1.01561046 -0.95739549
-0.44117647 1.10587680 -0.93677515
-0.44117647 1.19614315 -0.90548390
-0.44117647 1.28640950 -0.86514878
-0.44117647 1.37667584 -0.81720948
-0.44117647 1.46694219 -0.76195091
-0.44117647 1.55720854 -0.69934165
-0.44117647 1.64747488 -0.62851214
-0.44117647 1.73774123 -0.56909776
-0.44117647 1.82800758 -0.50301594
-0.44117647 1.91827393 -0.45034620
-0.44117647 2.00854039 -0.40209347
-0.44117647 2.09880686 -0.36145332
-0.44117647 2.18907332 -0.32825673
-0.44117647 2.27933979 -0.29942393
-0.44117647 2.36960626 -0.27112699
-0.44117647 2.45987272 -0.25027725
-0.44117647 2.55013919 -0.22992618
-0.44117647 2.64040565 -0.21327512
-0.44117647 2.73067212 -0.19932254
-0.44117647 2.82093859 -0.18617278
-0.44117647 2.91120505 -0.17388564
-0.44117647 3.00147152 -0.16310006
-0.44117647 3.09173799 -0.15497135
-0.44117647 3.18200445 -0.14687814
-0.44117647 3.27227092 -0.13890204
-0.44117647 3.36253738 -0.13252471
-0.44117647 3.45280385 -0.12494949
-0.44117647 3.54307032 -0.11874606
-0.44117647 3.63333678 -0.11501956
-0.44117647 3.72360325 -0.11011981
-0.44117647 3.81386971 -0.10582709
-0.44117647 3.90413618 -0.10147498
-0.44117647 3.99440265 -0.09775076
-0.44117647 4.08466911 -0.09388238
-0.44117647 4.17493534 -0.09055060
-0.44117647 4.26520157 -0.08765662
-0.44117647 4.35546780 -0.08388574
-0.44117647 4.44573402 -0.08199948
-0.44117647 4.53600025 -0.07892200
-0.42156863 0.02268000 -1.00000000
-0.42156863 0.11294640 -0.99490452
-0.42156863 0.20321280 -0.99489915
-0.42156863 0.29347920 -0.99489576
-0.42156863 0.38374561 -0.99489707
-0.42156863 0.47401202 -0.99478674
-0.42156863 0.56427842 -0.99456030
-0.42156863 0.65454483 -0.99383301
-0.42156863 0.74481124 -0.99139857
-0.42156863 0.83507764 -0.98301345
-0.42156863 0.92534405 -0.97155392
-0.42156863 1.01561046 -0.95653403
-0.42156863 1.10587680 -0.93594372
-0.42156863 1.19614315 -0.90392071
-0.42156863 1.28640950 -0.86276907
-0.42156863 1.37667584 -0.81040025
-0.42156863 1.46694219 -0.75058156
-0.42156863 1.55720854 -0.68800718
-0.42156863 1.64747488 -0.61922497
-0.42156863 1.73774123 -0.54813755
-0.42156863 1.82800758 -0.48802078
-0.42156863 1.91827393 -0.43547183
-0.42156863 2.00854039 -0.38818952
-0.42156863 2.09880686 -0.34791160
-0.42156863 2.18907332 -0.31548437
-0.42156863 2.27933979 -0.28709278
-0.42156863 2.36960626 -0.25943679
-0.42156863 2.45987272 -0.23927164
-0.42156863 2.55013919 -0.21963821
-0.42156863 2.64040565 -0.20463742
-0.42156863 2.73067212 -0.19049780
-0.42156863 2.82093859 -0.17781390
-0.42156863 2.91120505 -0.16600744
-0.42156863 3.00147152 -0.15665066
-0.42156863 3.09173799 -0.14835200
-0.42156863 3.18200445 -0.13967939
-0.42156863 3.27227092 -0.13157409
-0.42156863 3.36253738 -0.12691748
-0.42156863 3.45280385 -0.12062729
-0.42156863 3.54307032 -0.11389047
-0.42156863 3.63333678 -0.11008175
-0.42156863 3.72360325 -0.10475821
-0.42156863 3.81386971 -0.10074438
-0.42156863 3.90413618 -0.09681488
-0.42156863 3.99440265 -0.09301218
-0.42156863 4.08466911 -0.08942658
-0.42156863 4.17493534 -0.08629691
-0.42156863 4.26520157 -0.08341666
-0.42156863 4.35546780 -0.08106168
-0.42156863 4.44573402 -0.07826675
-0.42156863 4.53600025 -0.07494235
-0.40196079 0.02268000 -1.00000000
-0.40196079 0.11294640 -0.99491173
-0.40196079 0.20321280 -0.99492186
-0.40196079 0.29347920 -0.99489415
-0.40196079 0.38374561 -0.99490505
-0.40196079 0.47401202 -0.99478662
-0.40196079 0.56427842 -0.99458212
-0.40196079 0.65454483 -0.99380326
-0.40196079 0.74481124 -0.99132437
-0.40196079 0.83507764 -0.98296934
-0.40196079 0.92534405 -0.97113085
-0.40196079 1.01561046 -0.95566380
-0.40196079 1.10587680 -0.93427050
-0.40196079 1.19614315 -0.90157115
-0.40196079 1.28640950 -0.85787392
-0.40196079 1.37667584 -0.80674595
-0.40196079 1.46694219 -0.74548876
-0.40196079 1.55720854 -0.67233521
-0.40196079 1.64747488 -0.60393381
-0.40196079 1.73774123 -0.53407156
-0.40196079 1.82800758 -0.47227365
-0.40196079 1.91827393 -0.42057648
-0.40196079 2.00854039 -0.37389785
-0.40196079 2.09880686 -0.33462232
-0.40196079 2.18907332 -0.30063325
-0.40196079 2.27933979 -0.27166584
-0.40196079 2.36960626 -0.25049287
-0.40196079 2.45987272 -0.22933313
-0.40196079 2.55013919 -0.21118790
-0.40196079 2.64040565 -0.19491607
-0.40196079 2.73067212 -0.18122894
-0.40196079 2.82093859 -0.16934927
-0.40196079 2.91120505 -0.15920377
-0.40196079 3.00147152 -0.15081656
-0.40196079 3.09173799 -0.14163843
-0.40196079 3.18200445 -0.13291520
-0.40196079 3.27227092 -0.12774979
-0.40196079 3.36253738 -0.11967346
-0.40196079 3.45280385 -0.11514948
-0.40196079 3.54307032 -0.11015885
-0.40196079 3.63333678 -0.10373773
-0.40196079 3.72360325 -0.10029764
-0.40196079 3.81386971 -0.09599569
-0.40196079 3.90413618 -0.09301672
-0.40196079 3.99440265 -0.08835080
-0.40196079 4.08466911 -0.08476911
-0.40196079 4.17493534 -0.08157843
-0.40196079 4.26520157 -0.08028641
-0.40196079 4.35546780 -0.07705118
-0.40196079 4.44573402 -0.07404523
-0.40196079 4.53600025 -0.07156595
-0.38235295 0.02268000 -1.00000000
-0.38235295 0.11294640 -0.99492872
-0.38235295 0.20321280 -0.99489182
-0.38235295 0.29347920 -0.99488282
-0.38235295 0.38374561 -0.99486178
-0.38235295 0.47401202 -0.99477708
-0.38235295 0.56427842 -0.99456877
-0.38235295 0.65454483 -0.99375850
-0.38235295 0.74481124 -0.99127704
-0.38235295 0.83507764 -0.98287106
-0.38235295 0.92534405 -0.97089523
-0.38235295 1.01561046 -0.95517993
-0.38235295 1.10587680 -0.93347782
-0.38235295 1.19614315 -0.89754820
-0.38235295 1.28640950 -0.85389167
-0.38235295 1.37667584 -0.79773521
-0.38235295 1.46694219 -0.73575491
-0.38235295 1.55720854 -0.65990090
-0.38235295 1.64747488 -0.59082335
-0.38235295 1.73774123 -0.52103657
-0.38235295 1.82800758 -0.45602664
-0.38235295 1.91827393 -0.40481380
-0.38235295 2.00854039 -0.35986713
-0.38235295 2.09880686 -0.32045522
-0.38235295 2.18907332 -0.28929046
-0.38235295 2.27933979 -0.25986010
-0.38235295 2.36960626 -0.23905665
-0.38235295 2.45987272 -0.21650678
-0.38235295 2.55013919 -0.20136069
-0.38235295 2.64040565 -0.18687448
-0.38235295 2.73067212 -0.17432022
-0.38235295 2.82093859 -0.16077048
-0.38235295 2.91120505 -0.15224227
-0.38235295 3.00147152 -0.14302179
-0.38235295 3.09173799 -0.13414007
-0.38235295 3.18200445 -0.12591046
-0.38235295 3.27227092 -0.12059503
-0.38235295 3.36253738 -0.11398324
-0.38235295 3.45280385 -0.10926367
-0.38235295 3.54307032 -0.10470147
-0.38235295 3.63333678 -0.10033249
-0.38235295 3.72360325 -0.09423126
-0.38235295 3.81386971 -0.09079260
-0.38235295 3.90413618 -0.08704544
-0.38235295 3.99440265 -0.08459356
-0.38235295 4.08466911 -0.08121253
-0.38235295 4.17493534 -0.07824588
-0.38235295 4.26520157 -0.07556467
-0.38235295 4.35546780 -0.07284094
-0.38235295 4.44573402 -0.07095437
-0.38235295 4.53600025 -0.06869788
-0.36274511 0.02268000 -1.00000000
-0.36274511 0.11294640 -0.99491531
-0.36274511 0.20321280 -0.99492592
-0.36274511 0.29347920 -0.99490559
-0.36274511 0.38374561 -0.99486697
-0.36274511 0.47401202 -0.99476504
-0.36274511 0.56427842 -0.99457961
-0.36274511 0.65454483 -0.99374270
-0.36274511 0.74481124 -0.99124306
-0.36274511 0.83507764 -0.98258126
-0.36274511 0.92534405 -0.97029895
-0.36274511 1.01561046 -0.95495486
-0.36274511 1.10587680 -0.93170363
-0.36274511 1.19614315 -0.89397120
-0.36274511 1.28640950 -0.84833914
-0.36274511 1.37667584 -0.78951204
-0.36274511 1.46694219 -0.71558279
-0.36274511 1.55720854 -0.64466614
-0.36274511 1.64747488 -0.56618506
-0.36274511 1.73774123 -0.50535661
-0.36274511 1.82800758 -0.44047323
-0.36274511 1.91827393 -0.38945150
-0.36274511 2.00854039 -0.34473729
-0.36274511 2.09880686 -0.30325025
-0.36274511 2.18907332 -0.27910617
-0.36274511 2.27933979 -0.24945407
-0.36274511 2.36960626 -0.22743368
-0.36274511 2.45987272 -0.20930143
-0.36274511 2.55013919 -0.18988264
-0.36274511 2.64040565 -0.17570376
-0.36274511 2.73067212 -0.16492316
-0.36274511 2.82093859 -0.15394045
-0.36274511 2.91120505 -0.14297462
-0.36274511 3.00147152 -0.13597198
-0.36274511 3.09173799 -0.12700933
-0.36274511 3.18200445 -0.12206861
-0.36274511 3.27227092 -0.11403766
-0.36274511 3.36253738 -0.10973657
-0.36274511 3.45280385 -0.10327588
-0.36274511 3.54307032 -0.09860840
-0.36274511 3.63333678 -0.09453976
-0.36274511 3.72360325 -0.09009714
-0.36274511 3.81386971 -0.08697946
-0.36274511 3.90413618 -0.08326068
-0.36274511 3.99440265 -0.07988007
-0.36274511 4.08466911 -0.07706952
-0.36274511 4.17493534 -0.07373755
-0.36274511 4.26520157 -0.07104935
-0.36274511 4.35546780 -0.06942206
-0.36274511 4.44573402 -0.06789835
-0.36274511 4.53600025 -0.06457434
-0.34313726 0.02268000 -1.00000000
-0.34313726 0.11294640 -0.99495226
-0.34313726 0.20321280 -0.99489492
-0.34313726 0.29347920 -0.99486226
-0.34313726 0.38374561 -0.99484766
-0.34313726 0.47401202 -0.99476671
-0.34313726 0.56427842 -0.99448436
-0.34313726 0.65454483 -0.99368566
-0.34313726 0.74481124 -0.99071562
-0.34313726 0.83507764 -0.98249900
-0.34313726 0.92534405 -0.96974403
-0.34313726 1.01561046 -0.95170557
-0.34313726 1.10587680 -0.92234886
-0.34313726 1.19614315 -0.89069927
-0.34313726 1.28640950 -0.84343201
-0.34313726 1.37667584 -0.78415102
-0.34313726 1.46694219 -0.70734143
-0.34313726 1.55720854 -0.63450050
-0.34313726 1.64747488 -0.55521196
-0.34313726 1.73774123 -0.48052374
-0.34313726 1.82800758 -0.42166224
-0.34313726 1.91827393 -0.37059826
-0.34313726 2.00854039 -0.32940778
-0.34313726 2.09880686 -0.29198945
-0.34313726 2.18907332 -0.26311287
-0.34313726 2.27933979 -0.23481332
-0.34313726 2.36960626 -0.21564865
-0.34313726 2.45987272 -0.19792661
-0.34313726 2.55013919 -0.18092917
-0.34313726 2.64040565 -0.16816254
-0.34313726 2.73067212 -0.15595721
-0.34313726 2.82093859 -0.14595410
-0.34313726 2.91120505 -0.13591778
-0.34313726 3.00147152 -0.12734628
-0.34313726 3.09173799 -0.12094110
-0.34313726 3.18200445 -0.11480670
-0.34313726 3.27227092 -0.10784573
-0.34313726 3.36253738 -0.10248712
-0.34313726 3.45280385 -0.09862134
-0.34313726 3.54307032 -0.09294379
-0.34313726 3.63333678 -0.08973724
-0.34313726 3.72360325 -0.08599973
-0.34313726 3.81386971 -0.08262854
-0.34313726 3.90413618 -0.07843350
-0.34313726 3.99440265 -0.07618887
-0.34313726 4.08466911 -0.07278687
-0.34313726 4.17493534 -0.07035214
-0.34313726 4.26520157 -0.06799774
-0.34313726 4.35546780 -0.06556348
-0.34313726 4.44573402 -0.06360358
-0.34313726 4.53600025 -0.06149350
-0.32352942 0.02268000 -1.00000000
-0.32352942 0.11294640 -0.99492544
-0.32352942 0.20321280 -0.99489725
-0.32352942 0.29347920 -0.99488419
-0.32352942 0.38374561 -0.99486351
-0.32352942 0.47401202 -0.99476403
-0.32352942 0.56427842 -0.99448830
-0.32352942 0.65454483 -0.99367249
-0.32352942 0.74481124 -0.99072009
-0.32352942 0.83507764 -0.98237354
-0.32352942 0.92534405 -0.96943593
-0.32352942 1.01561046 -0.95109814
-0.32352942 1.10587680 -0.92027891
-0.32352942 1.19614315 -0.88885617
-0.32352942 1.28640950 -0.83660895
-0.32352942 1.37667584 -0.76593822
-0.32352942 1.46694219 -0.69516492
-0.32352942 1.55720854 -0.61916357
-0.32352942 1.64747488 -0.53570038
-0.32352942 1.73774123 -0.46263444
-0.32352942 1.82800758 -0.40396288
-0.32352942 1.91827393 -0.35383663
-0.32352942 2.00854039 -0.31357139
-0.32352942 2.09880686 -0.27766472
-0.32352942 2.18907332 -0.24838760
-0.32352942 2.27933979 -0.22339199
-0.32352942 2.36960626 -0.20205930
-0.32352942 2.45987272 -0.18531094
-0.32352942 2.55013919 -0.17303988
-0.32352942 2.64040565 -0.15799017
-0.32352942 2.73067212 -0.14727506
-0.32352942 2.82093859 -0.13736533
-0.32352942 2.91120505 -0.12814069
-0.32352942 3.00147152 -0.12051370
-0.32352942 3.09173799 -0.11385351
-0.32352942 3.18200445 -0.10760898
-0.32352942 3.27227092 -0.10301999
-0.32352942 3.36253738 -0.09668954
-0.32352942 3.45280385 -0.09203516
-0.32352942 3.54307032 -0.08848642
-0.32352942 3.63333678 -0.08361273
-0.32352942 3.72360325 -0.08040408
-0.32352942 3.81386971 -0.07645389
-0.32352942 3.90413618 -0.07363327
-0.32352942 3.99440265 -0.07049243
-0.32352942 4.08466911 -0.06904117
-0.32352942 4.17493534 -0.06704065
-0.32352942 4.26520157 -0.06391553
-0.32352942 4.35546780 -0.06208069
-0.32352942 4.44573402 -0.05969815
-0.32352942 4.53600025 -0.05777371
-0.30392158 0.02268000 -1.00000000
-0.30392158 0.11294640 -0.99491763
-0.30392158 0.20321280 -0.99489546
-0.30392158 0.29347920 -0.99488795
-0.30392158 0.38374561 -0.99486464
-0.30392158 0.47401202 -0.99477494
-0.30392158 0.56427842 -0.99449295
-0.30392158 0.65454483 -0.99365932
-0.30392158 0.74481124 -0.99064553
-0.30392158 0.83507764 -0.98206335
-0.30392158 0.92534405 -0.96886379
-0.30392158 1.01561046 -0.95007986
-0.30392158 1.10587680 -0.91935134
-0.30392158 1.19614315 -0.87567133
-0.30392158 1.28640950 -0.82202679
-0.30392158 1.37667584 -0.75495237
-0.30392158 1.46694219 -0.67907923
-0.30392158 1.55720854 -0.59312588
-0.30392158 1.64747488 -0.51800001
-0.30392158 1.73774123 -0.44840929
-0.30392158 1.82800758 -0.38535818
-0.30392158 1.91827393 -0.33346027
-0.30392158 2.00854039 -0.29271778
-0.30392158 2.09880686 -0.26328999
-0.30392158 2.18907332 -0.23466076
-0.30392158 2.27933979 -0.20977038
-0.30392158 2.36960626 -0.19237305
-0.30392158 2.45987272 -0.17437640
-0.30392158 2.55013919 -0.16115040
-0.30392158 2.64040565 -0.14954047
-0.30392158 2.73067212 -0.13773774
-0.30392158 2.82093859 -0.12929626
-0.30392158 2.91120505 -0.11963672
-0.30392158 3.00147152 -0.11323044
-0.30392158 3.09173799 -0.10594256
-0.30392158 3.18200445 -0.10108841
-0.30392158 3.27227092 -0.09566492
-0.30392158 3.36253738 -0.09059787
-0.30392158 3.45280385 -0.08663797
-0.30392158 3.54307032 -0.08366864
-0.30392158 3.63333678 -0.07938187
-0.30392158 3.72360325 -0.07657938
-0.30392158 3.81386971 -0.07320157
-0.30392158 3.90413618 -0.06987879
-0.30392158 3.99440265 -0.06677102
-0.30392158 4.08466911 -0.06472257
-0.30392158 4.17493534 -0.06189966
-0.30392158 4.26520157 -0.05989349
-0.30392158 4.35546780 -0.05847757
-0.30392158 4.44573402 -0.05570831
-0.30392158 4.53600025 -0.05430362
-0.28431374 0.02268000 -1.00000000
-0.28431374 0.11294640 -0.99492300
-0.28431374 0.20321280 -0.99490815
-0.28431374 0.29347920 -0.99488050
-0.28431374 0.38374561 -0.99485457
-0.28431374 0.47401202 -0.99470532
-0.28431374 0.56427842 -0.99440211
-0.28431374 0.65454483 -0.99364781
-0.28431374 0.74481124 -0.99059606
-0.28431374 0.83507764 -0.98001730
-0.28431374 0.92534405 -0.96859294
-0.28431374 1.01561046 -0.94814706
-0.28431374 1.10587680 -0.91661191
-0.28431374 1.19614315 -0.87312269
-0.28431374 1.28640950 -0.81528920
-0.28431374 1.37667584 -0.74753892
-0.28431374 1.46694219 -0.66971523
-0.28431374 1.55720854 -0.57342970
-0.28431374 1.64747488 -0.49516010
-0.28431374 1.73774123 -0.42715481
-0.28431374 1.82800758 -0.36604080
-0.28431374 1.91827393 -0.31888708
-0.28431374 2.00854039 -0.27615967
-0.28431374 2.09880686 -0.24591962
-0.28431374 2.18907332 -0.21798694
-0.28431374 2.27933979 -0.19958636
-0.28431374 2.36960626 -0.18080966
-0.28431374 2.45987272 -0.16327627
-0.28431374 2.55013919 -0.15158457
-0.28431374 2.64040565 -0.14026444
-0.28431374 2.73067212 -0.13043702
-0.28431374 2.82093859 -0.12141391
-0.28431374 2.91120505 -0.11413220
-0.28431374 3.00147152 -0.10709222
-0.28431374 3.09173799 -0.09866797
-0.28431374 3.18200445 -0.09493857
-0.28431374 3.27227092 -0.08986130
-0.28431374 3.36253738 -0.08508557
-0.28431374 3.45280385 -0.08058526
-0.28431374 3.54307032 -0.07676605
-0.28431374 3.63333678 -0.07421396
-0.28431374 3.72360325 -0.07021313
-0.28431374 3.81386971 -0.06790210
-0.28431374 3.90413618 -0.06410434
-0.28431374 3.99440265 -0.06245093
-0.28431374 4.08466911 -0.06073904
-0.28431374 4.17493534 -0.05754773
-0.28431374 4.26520157 -0.05674670
-0.28431374 4.35546780 -0.05452624
-0.28431374 4.44573402 -0.05223474
-0.28431374 4.53600025 -0.05110510
-0.26470590 0.02268000 -1.00000000
-0.26470590 0.11294640 -0.99491888
-0.26470590 0.20321280 -0.99488807
-0.26470590 0.29347920 -0.99487805
-0.26470590 0.38374561 -0.99487370
-0.26470590 0.47401202 -0.99468172
-0.26470590 0.56427842 -0.99434799
-0.26470590 0.65454483 -0.99349058
-0.26470590 0.74481124 -0.99048817
-0.26470590 0.83507764 -0.97994643
-0.26470590 0.92534405 -0.96589530
-0.26470590 1.01561046 -0.94768900
-0.26470590 1.10587680 -0.91379291
-0.26470590 1.19614315 -0.86787689
-0.26470590 1.28640950 -0.80677068
-0.26470590 1.37667584 -0.73274672
-0.26470590 1.46694219 -0.65209085
-0.26470590 1.55720854 -0.55723166
-0.26470590 1.64747488 -0.47283286
-0.26470590 1.73774123 -0.40622404
-0.26470590 1.82800758 -0.34607333
-0.26470590 1.91827393 -0.29884830
-0.26470590 2.00854039 -0.26135859
-0.26470590 2.09880686 -0.22791497
-0.26470590 2.18907332 -0.20756170
-0.26470590 2.27933979 -0.18614447
-0.26470590 2.36960626 -0.16886102
-0.26470590 2.45987272 -0.15485726
-0.26470590 2.55013919 -0.14050327
-0.26470590 2.64040565 -0.13030505
-0.26470590 2.73067212 -0.12116952
-0.26470590 2.82093859 -0.11228064
-0.26470590 2.91120505 -0.10636313
-0.26470590 3.00147152 -0.09924325
-0.26470590 3.09173799 -0.09359561
-0.26470590 3.18200445 -0.08821192
-0.26470590 3.27227092 -0.08279333
-0.26470590 3.36253738 -0.07883548
-0.26470590 3.45280385 -0.07533944
-0.26470590 3.54307032 -0.07142542
-0.26470590 3.63333678 -0.06789563
-0.26470590 3.72360325 -0.06561875
-0.26470590 3.81386971 -0.06334226
-0.26470590 3.90413618 -0.06080975
-0.26470590 3.99440265 -0.05774237
-0.26470590 4.08466911 -0.05610455
-0.26470590 4.17493534 -0.05398816
-0.26470590 4.26520157 -0.05209573
-0.26470590 4.35546780 -0.05040826
-0.26470590 4.44573402 -0.04893259
-0.26470590 4.53600025 -0.04776532
-0.24509805 0.02268000 -1.00000000
-0.24509805 0.11294640 -0.99491537
-0.24509805 0.20321280 -0.99491405
-0.24509805 0.29347920 -0.99489605
-0.24509805 0.38374561 -0.99487025
-0.24509805 0.47401202 -0.99469900
-0.24509805 0.56427842 -0.99438632
-0.24509805 0.65454483 -0.99346399
-0.24509805 0.74481124 -0.99041009
-0.24509805 0.83507764 -0.97958177
-0.24509805 0.92534405 -0.96554154
-0.24509805 1.01561046 -0.94621861
-0.24509805 1.10587680 -0.90943211
-0.24509805 1.19614315 -0.86281294
-0.24509805 1.28640950 -0.80120397
-0.24509805 1.37667584 -0.71937269
-0.24509805 1.46694219 -0.62319028
-0.24509805 1.55720854 -0.53428000
-0.24509805 1.64747488 -0.45037681
-0.24509805 1.73774123 -0.37871021
-0.24509805 1.82800758 -0.32590196
-0.24509805 1.91827393 -0.28133008
-0.24509805 2.00854039 -0.24470535
-0.24509805 2.09880686 -0.21612683
-0.24509805 2.18907332 -0.19285129
-0.24509805 2.27933979 -0.17331479
-0.24509805 2.36960626 -0.15651284
-0.24509805 2.45987272 -0.14304005
-0.24509805 2.55013919 -0.12964423
-0.24509805 2.64040565 -0.11986154
-0.24509805 2.73067212 -0.11068781
-0.24509805 2.82093859 -0.10446332
-0.24509805 2.91120505 -0.09805008
-0.24509805 3.00147152 -0.09196363
-0.24509805 3.09173799 -0.08749887
-0.24509805 3.18200445 -0.08107327
-0.24509805 3.27227092 -0.07802847
-0.24509805 3.36253738 -0.07214285
-0.24509805 3.45280385 -0.07004834
-0.24509805 3.54307032 -0.06784134
-0.24509805 3.63333678 -0.06237613
-0.24509805 3.72360325 -0.06055554
-0.24509805 3.81386971 -0.05753137
-0.24509805 3.90413618 -0.05568564
-0.24509805 3.99440265 -0.05405722
-0.24509805 4.08466911 -0.05171405
-0.24509805 4.17493534 -0.05035733
-0.24509805 4.26520157 -0.04839441
-0.24509805 4.35546780 -0.04796262
-0.24509805 4.44573402 -0.04563031
-0.24509805 4.53600025 -0.04308389
-0.22549021 0.02268000 -1.00000000
-0.22549021 0.11294640 -0.99492419
-0.22549021 0.20321280 -0.99488294
-0.22549021 0.29347920 -0.99487668
-0.22549021 0.38374561 -0.99485928
-0.22549021 0.47401202 -0.99470580
-0.22549021 0.56427842 -0.99436468
-0.22549021 0.65454483 -0.99340922
-0.22549021 0.74481124 -0.99027365
-0.22549021 0.83507764 -0.97944486
-0.22549021 0.92534405 -0.96475428
-0.22549021 1.01561046 -0.94552594
-0.22549021 1.10587680 -0.90692723
-0.22549021 1.19614315 -0.85912794
-0.22549021 1.28640950 -0.78855735
-0.22549021 1.37667584 -0.70774865
-0.22549021 1.46694219 -0.60076219
-0.22549021 1.55720854 -0.51209670
-0.22549021 1.64747488 -0.42444867
-0.22549021 1.73774123 -0.35437056
-0.22549021 1.82800758 -0.30046606
-0.22549021 1.91827393 -0.25738046
-0.22549021 2.00854039 -0.22449771
-0.22549021 2.09880686 -0.19823252
-0.22549021 2.18907332 -0.17649335
-0.22549021 2.27933979 -0.15870184
-0.22549021 2.36960626 -0.14293347
-0.22549021 2.45987272 -0.13153356
-0.22549021 2.55013919 -0.12173136
-0.22549021 2.64040565 -0.11027722
-0.22549021 2.73067212 -0.10328861
-0.22549021 2.82093859 -0.09566364
-0.22549021 2.91120505 -0.09099911
-0.22549021 3.00147152 -0.08531726
-0.22549021 3.09173799 -0.08054163
-0.22549021 3.18200445 -0.07501025
-0.22549021 3.27227092 -0.07147965
-0.22549021 3.36253738 -0.06784058
-0.22549021 3.45280385 -0.06473886
-0.22549021 3.54307032 -0.06165143
-0.22549021 3.63333678 -0.05871332
-0.22549021 3.72360325 -0.05628873
-0.22549021 3.81386971 -0.05381229
-0.22549021 3.90413618 -0.05163006
-0.22549021 3.99440265 -0.05051608
-0.22549021 4.08466911 -0.04777377
-0.22549021 4.17493534 -0.04579452
-0.22549021 4.26520157 -0.04469891
-0.22549021 4.35546780 -0.04253137
-0.22549021 4.44573402 -0.04125861
-0.22549021 4.53600025 -0.04095773
-0.20588237 0.02268000 -1.00000000
-0.20588237 0.11294640 -0.99494058
-0.20588237 0.20321280 -0.99489355
-0.20588237 0.29347920 -0.99486661
-0.20588237 0.38374561 -0.99485129
-0.20588237 0.47401202 -0.99467754
-0.20588237 0.56427842 -0.99432212
-0.20588237 0.65454483 -0.99341935
-0.20588237 0.74481124 -0.99014640
-0.20588237 0.83507764 -0.97895092
-0.20588237 0.92534405 -0.96435869
-0.20588237 1.01561046 -0.93518132
-0.20588237 1.10587680 -0.90481317
-0.20588237 1.19614315 -0.85077196
-0.20588237 1.28640950 -0.77665341
-0.20588237 1.37667584 -0.67725062
-0.20588237 1.46694219 -0.58009982
-0.20588237 1.55720854 -0.47294500
-0.20588237 1.64747488 -0.39919671
-0.20588237 1.73774123 -0.33362636
-0.20588237 1.82800758 -0.27811879
-0.20588237 1.91827393 -0.23761077
-0.20588237 2.00854039 -0.20493884
-0.20588237 2.09880686 -0.18026812
-0.20588237 2.18907332 -0.16072147
-0.20588237 2.27933979 -0.14480524
-0.20588237 2.36960626 -0.13283026
-0.20588237 2.45987272 -0.11955960
-0.20588237 2.55013919 -0.10920383
-0.20588237 2.64040565 -0.09964615
-0.20588237 2.73067212 -0.09375861
-0.20588237 2.82093859 -0.08798449
-0.20588237 2.91120505 -0.08288889
-0.20588237 3.00147152 -0.07644037
-0.20588237 3.09173799 -0.07303064
-0.20588237 3.18200445 -0.06965652
-0.20588237 3.27227092 -0.06474964
-0.20588237 3.36253738 -0.06245361
-0.20588237 3.45280385 -0.05847559
-0.20588237 3.54307032 -0.05569253
-0.20588237 3.63333678 -0.05430936
-0.20588237 3.72360325 -0.05146631
-0.20588237 3.81386971 -0.04873663
-0.20588237 3.90413618 -0.04713037
-0.20588237 3.99440265 -0.04496374
-0.20588237 4.08466911 -0.04311087
-0.20588237 4.17493534 -0.04262079
-0.20588237 4.26520157 -0.04158460
-0.20588237 4.35546780 -0.03900577
-0.20588237 4.44573402 -0.03824606
-0.20588237 4.53600025 -0.03672977
-0.18627453 0.02268000 -1.00000000
-0.18627453 0.11294640 -0.99490672
-0.18627453 0.20321280 -0.99489611
-0.18627453 0.29347920 -0.99488014
-0.18627453 0.38374561 -0.99483544
-0.18627453 0.47401202 -0.99467534
-0.18627453 0.56427842 -0.99427062
-0.18627453 0.65454483 -0.99329776
-0.18627453 0.74481124 -0.99010009
-0.18627453 0.83507764 -0.97872335
-0.18627453 0.92534405 -0.96303529
-0.18627453 1.01561046 -0.93386436
-0.18627453 1.10587680 -0.90073508
-0.18627453 1.19614315 -0.84273642
-0.18627453 1.28640950 -0.76779395
-0.18627453 1.37667584 -0.65725458
-0.18627453 1.46694219 -0.55416393
-0.18627453 1.55720854 -0.45089024
-0.18627453 1.64747488 -0.36954415
-0.18627453 1.73774123 -0.30314294
-0.18627453 1.82800758 -0.25490448
-0.18627453 1.91827393 -0.21941242
-0.18627453 2.00854039 -0.18713024
-0.18627453 2.09880686 -0.16453311
-0.18627453 2.18907332 -0.14505987
-0.18627453 2.27933979 -0.13169092
-0.18627453 2.36960626 -0.12073261
-0.18627453 2.45987272 -0.10785135
-0.18627453 2.55013919 -0.10019065
-0.18627453 2.64040565 -0.09206061
-0.18627453 2.73067212 -0.08521070
-0.18627453 2.82093859 -0.07979538
-0.18627453 2.91120505 -0.07455267
-0.18627453 3.00147152 -0.06932318
-0.18627453 3.09173799 -0.06475207
-0.18627453 3.18200445 -0.06257214
-0.18627453 3.27227092 -0.05912335
-0.18627453 3.36253738 -0.05590216
-0.18627453 3.45280385 -0.05333591
-0.18627453 3.54307032 -0.05069049
-0.18627453 3.63333678 -0.04815985
-0.18627453 3.72360325 -0.04557596
-0.18627453 3.81386971 -0.04469818
-0.18627453 3.90413618 -0.04182953
-0.18627453 3.99440265 -0.04060663
-0.18627453 4.08466911 -0.03998041
-0.18627453 4.17493534 -0.03830487
-0.18627453 4.26520157 -0.03667010
-0.18627453 4.35546780 -0.03563690
-0.18627453 4.44573402 -0.03454184
-0.18627453 4.53600025 -0.03308167
-0.16666669 0.02268000 -1.00000000
-0.16666669 0.11294640 -0.99492311
-0.16666669 0.20321280 -0.99488217
-0.16666669 0.29347920 -0.99487519
-0.16666669 0.38374561 -0.99481875
-0.16666669 0.47401202 -0.99465710
-0.16666669 0.56427842 -0.99428660
-0.16666669 0.65454483 -0.99329442
-0.16666669 0.74481124 -0.99004310
-0.16666669 0.83507764 -0.97838545
-0.16666669 0.92534405 -0.96261185
-0.16666669 1.01561046 -0.93209082
-0.16666669 1.10587680 -0.89637703
-0.16666669 1.19614315 -0.83716792
-0.16666669 1.28640950 -0.73767269
-0.16666669 1.37667584 -0.63130218
-0.16666669 1.46694219 -0.52348351
-0.16666669 1.55720854 -0.41528872
-0.16666669 1.64747488 -0.33646128
-0.16666669 1.73774123 -0.27505288
-0.16666669 1.82800758 -0.22687042
-0.16666669 1.91827393 -0.19522564
-0.16666669 2.00854039 -0.16568933
-0.16666669 2.09880686 -0.14563000
-0.16666669 2.18907332 -0.12931088
-0.16666669 2.27933979 -0.11987396
-0.16666669 2.36960626 -0.10681375
-0.16666669 2.45987272 -0.09552469
-0.16666669 2.55013919 -0.08945740
-0.16666669 2.64040565 -0.08182544
-0.16666669 2.73067212 -0.07669974
-0.16666669 2.82093859 -0.07119876
-0.16666669 2.91120505 -0.06673523
-0.16666669 3.00147152 -0.06202029
-0.16666669 3.09173799 -0.05821948
-0.16666669 3.18200445 -0.05511817
-0.16666669 3.27227092 -0.05220776
-0.16666669 3.36253738 -0.04957144
-0.16666669 3.45280385 -0.04824094
-0.16666669 3.54307032 -0.04587277
-0.16666669 3.63333678 -0.04262335
-0.16666669 3.72360325 -0.04102002
-0.16666669 3.81386971 -0.03888623
-0.16666669 3.90413618 -0.03842660
-0.16666669 3.99440265 -0.03644183
-0.16666669 4.08466911 -0.03554990
-0.16666669 4.17493534 -0.03467749
-0.16666669 4.26520157 -0.03219867
-0.16666669 4.35546780 -0.03213455
-0.16666669 4.44573402 -0.03056387
-0.16666669 4.53600025 -0.02948459
-0.14705884 0.02268000 -1.00000000
-0.14705884 0.11294640 -0.99490786
-0.14705884 0.20321280 -0.99488962
-0.14705884 0.29347920 -0.99487275
-0.14705884 0.38374561 -0.99482644
-0.14705884 0.47401202 -0.99464929
-0.14705884 0.56427842 -0.99424201
-0.14705884 0.65454483 -0.99324530
-0.14705884 0.74481124 -0.98987991
-0.14705884 0.83507764 -0.97774971
-0.14705884 0.92534405 -0.96162230
-0.14705884 1.01561046 -0.93039793
-0.14705884 1.10587680 -0.88249755
-0.14705884 1.19614315 -0.82758611
-0.14705884 1.28640950 -0.71850878
-0.14705884 1.37667584 -0.60368824
-0.14705884 1.46694219 -0.47499987
-0.14705884 1.55720854 -0.38431534
-0.14705884 1.64747488 -0.30099827
-0.14705884 1.73774123 -0.24451895
-0.14705884 1.82800758 -0.20096554
-0.14705884 1.91827393 -0.17193329
-0.14705884 2.00854039 -0.15180664
-0.14705884 2.09880686 -0.12983270
-0.14705884 2.18907332 -0.11442920
-0.14705884 2.27933979 -0.10346219
-0.14705884 2.36960626 -0.09501938
-0.14705884 2.45987272 -0.08638681
-0.14705884 2.55013919 -0.07811514
-0.14705884 2.64040565 -0.07081741
-0.14705884 2.73067212 -0.06640118
-0.14705884 2.82093859 -0.06342126
-0.14705884 2.91120505 -0.05847207
-0.14705884 3.00147152 -0.05503143
-0.14705884 3.09173799 -0.05217008
-0.14705884 3.18200445 -0.04968426
-0.14705884 3.27227092 -0.04691873
-0.14705884 3.36253738 -0.04331729
-0.14705884 3.45280385 -0.04133313
-0.14705884 3.54307032 -0.03975183
-0.14705884 3.63333678 -0.03858017
-0.14705884 3.72360325 -0.03585306
-0.14705884 3.81386971 -0.03494031
-0.14705884 3.90413618 -0.03375540
-0.14705884 3.99440265 -0.03180594
-0.14705884 4.08466911 -0.03156509
-0.14705884 4.17493534 -0.02954401
-0.14705884 4.26520157 -0.02884714
-0.14705884 4.35546780 -0.02800430
-0.14705884 4.44573402 -0.02743439
-0.14705884 4.53600025 -0.02660696
-0.12745100 0.02268000 -1.00000000
-0.12745100 0.11294640 -0.99491173
-0.12745100 0.20321280 -0.99485618
-0.12745100 0.29347920 -0.99487537
-0.12745100 0.38374561 -0.99479896
-0.12745100 0.47401202 -0.99464685
-0.12745100 0.56427842 -0.99422532
-0.12745100 0.65454483 -0.99326277
-0.12745100 0.74481124 -0.98322278
-0.12745100 0.83507764 -0.97727942
-0.12745100 0.92534405 -0.96117878
-0.12745100 1.01561046 -0.92740166
-0.12745100 1.10587680 -0.87706476
-0.12745100 1.19614315 -0.80195779
-0.12745100 1.28640950 -0.70290941
-0.12745100 1.37667584 -0.56912351
-0.12745100 1.46694219 -0.43438366
-0.12745100 1.55720854 -0.33334935
-0.12745100 1.64747488 -0.27169651
-0.12745100 1.73774123 -0.21766196
-0.12745100 1.82800758 -0.18043567
-0.12745100 1.91827393 -0.15228808
-0.12745100 2.00854039 -0.13047677
-0.12745100 2.09880686 -0.11522757
-0.12745100 2.18907332 -0.10201370
-0.12745100 2.27933979 -0.08992786
-0.12745100 2.36960626 -0.08146320
-0.12745100 2.45987272 -0.07467142
-0.12745100 2.55013919 -0.06718841
-0.12745100 2.64040565 -0.06281369
-0.12745100 2.73067212 -0.05763885
-0.12745100 2.82093859 -0.05414655
-0.12745100 2.91120505 -0.04966065
-0.12745100 3.00147152 -0.04747967
-0.12745100 3.09173799 -0.04510907
-0.12745100 3.18200445 -0.04326199
-0.12745100 3.27227092 -0.03975836
-0.12745100 3.36253738 -0.03817831
-0.12745100 3.45280385 -0.03582864
-0.12745100 3.54307032 -0.03448410
-0.12745100 3.63333678 -0.03214688
-0.12745100 3.72360325 -0.03128796
-0.12745100 3.81386971 -0.03014478
-0.12745100 3.90413618 -0.02915216
-0.12745100 3.99440265 -0.02842044
-0.12745100 4.08466911 -0.02591824
-0.12745100 4.17493534 -0.02596457
-0.12745100 4.26520157 -0.02552771
-0.12745100 4.35546780 -0.02390738
-0.12745100 4.44573402 -0.02392627
-0.12745100 4.53600025 -0.02267853
-0.10784316 0.02268000 -1.00000000
-0.10784316 0.11294640 -0.99489492
-0.10784316 0.20321280 -0.99487454
-0.10784316 0.29347920 -0.99485117
-0.10784316 0.38374561 -0.99477482
-0.10784316 0.47401202 -0.99465513
-0.10784316 0.56427842 -0.99418330
-0.10784316 0.65454483 -0.99314797
-0.10784316 0.74481124 -0.98293835
-0.10784316 0.83507764 -0.97703475
-0.10784316 0.92534405 -0.95140707
-0.10784316 1.01561046 -0.92509729
-0.10784316 1.10587680 -0.87002003
-0.10784316 1.19614315 -0.79142249
-0.10784316 1.28640950 -0.66691095
-0.10784316 1.37667584 -0.53158009
-0.10784316 1.46694219 -0.39422685
-0.10784316 1.55720854 -0.29137567
-0.10784316 1.64747488 -0.22816677
-0.10784316 1.73774123 -0.18051441
-0.10784316 1.82800758 -0.14977133
-0.10784316 1.91827393 -0.12517236
-0.10784316 2.00854039 -0.10851806
-0.10784316 2.09880686 -0.09486979
-0.10784316 2.18907332 -0.08494806
-0.10784316 2.27933979 -0.07493176
-0.10784316 2.36960626 -0.06890796
-0.10784316 2.45987272 -0.06152768
-0.10784316 2.55013919 -0.05558881
-0.10784316 2.64040565 -0.05317172
-0.10784316 2.73067212 -0.04938397
-0.10784316 2.82093859 -0.04503055
-0.10784316 2.91120505 -0.04275909
-0.10784316 3.00147152 -0.04102127
-0.10784316 3.09173799 -0.03780774
-0.10784316 3.18200445 -0.03707431
-0.10784316 3.27227092 -0.03433173
-0.10784316 3.36253738 -0.03260706
-0.10784316 3.45280385 -0.02922424
-0.10784316 3.54307032 -0.02900482
-0.10784316 3.63333678 -0.02781519
-0.10784316 3.72360325 -0.02745923
-0.10784316 3.81386971 -0.02528482
-0.10784316 3.90413618 -0.02358337
-0.10784316 3.99440265 -0.02297360
-0.10784316 4.08466911 -0.02309662
-0.10784316 4.17493534 -0.02173523
-0.10784316 4.26520157 -0.02106381
-0.10784316 4.35546780 -0.02056815
-0.10784316 4.44573402 -0.02009604
-0.10784316 4.53600025 -0.01973343
-0.08823532 0.02268000 -1.00000000
-0.08823532 0.11294640 -0.99487770
-0.08823532 0.20321280 -0.99488282
-0.08823532 0.29347920 -0.99485588
-0.08823532 0.38374561 -0.99480712
-0.08823532 0.47401202 -0.99458390
-0.08823532 0.56427842 -0.99416381
-0.08823532 0.65454483 -0.99310762
-0.08823532 0.74481124 -0.98272061
-0.08823532 0.83507764 -0.97646099
-0.08823532 0.92534405 -0.95054287
-0.08823532 1.01561046 -0.92017430
-0.08823532 1.10587680 -0.86419970
-0.08823532 1.19614315 -0.77031392
-0.08823532 1.28640950 -0.62896448
-0.08823532 1.37667584 -0.45045528
-0.08823532 1.46694219 -0.33644080
-0.08823532 1.55720854 -0.25579217
-0.08823532 1.64747488 -0.18704864
-0.08823532 1.73774123 -0.15305859
-0.08823532 1.82800758 -0.12521860
-0.08823532 1.91827393 -0.10367411
-0.08823532 2.00854039 -0.09025952
-0.08823532 2.09880686 -0.07835291
-0.08823532 2.18907332 -0.06904074
-0.08823532 2.27933979 -0.06240912
-0.08823532 2.36960626 -0.05601514
-0.08823532 2.45987272 -0.05192474
-0.08823532 2.55013919 -0.04697012
-0.08823532 2.64040565 -0.04326831
-0.08823532 2.73067212 -0.04030865
-0.08823532 2.82093859 -0.03522537
-0.08823532 2.91120505 -0.03533765
-0.08823532 3.00147152 -0.03299554
-0.08823532 3.09173799 -0.03059839
-0.08823532 3.18200445 -0.03028619
-0.08823532 3.27227092 -0.02684402
-0.08823532 3.36253738 -0.02556930
-0.08823532 3.45280385 -0.02535474
-0.08823532 3.54307032 -0.02440268
-0.08823532 3.63333678 -0.02263800
-0.08823532 3.72360325 -0.02110400
-0.08823532 3.81386971 -0.02047305
-0.08823532 3.90413618 -0.01977533
-0.08823532 3.99440265 -0.01965262
-0.08823532 4.08466911 -0.01838910
-0.08823532 4.17493534 -0.01717615
-0.08823532 4.26520157 -0.01763587
-0.08823532 4.35546780 -0.01737512
-0.08823532 4.44573402 -0.01608874
-0.08823532 4.53600025 -0.01512058
-0.06862748 0.02268000 -1.00000000
-0.06862748 0.11294640 -0.99487281
-0.06862748 0.20321280 -0.99484134
-0.06862748 0.29347920 -0.99485582
-0.06862748 0.38374561 -0.99476039
-0.06862748 0.47401202 -0.99459112
-0.06862748 0.56427842 -0.99412507
-0.06862748 0.65454483 -0.99131840
-0.06862748 0.74481124 -0.98272973
-0.06862748 0.83507764 -0.97629035
-0.06862748 0.92534405 -0.94898319
-0.06862748 1.01561046 -0.91660887
-0.06862748 1.10587680 -0.85556984
-0.06862748 1.19614315 -0.74284595
-0.06862748 1.28640950 -0.58149534
-0.06862748 1.37667584 -0.39510024
-0.06862748 1.46694219 -0.27810067
-0.06862748 1.55720854 -0.20491949
-0.06862748 1.64747488 -0.15376556
-0.06862748 1.73774123 -0.11866446
-0.06862748 1.82800758 -0.09485886
-0.06862748 1.91827393 -0.07870965
-0.06862748 2.00854039 -0.06951629
-0.06862748 2.09880686 -0.06085962
-0.06862748 2.18907332 -0.05289349
-0.06862748 2.27933979 -0.04777936
-0.06862748 2.36960626 -0.04513083
-0.06862748 2.45987272 -0.04032596
-0.06862748 2.55013919 -0.03751901
-0.06862748 2.64040565 -0.03452161
-0.06862748 2.73067212 -0.03058432
-0.06862748 2.82093859 -0.03032428
-0.06862748 2.91120505 -0.02634348
-0.06862748 3.00147152 -0.02551190
-0.06862748 3.09173799 -0.02398157
-0.06862748 3.18200445 -0.02230341
-0.06862748 3.27227092 -0.02083981
-0.06862748 3.36253738 -0.02094202
-0.06862748 3.45280385 -0.01967743
-0.06862748 3.54307032 -0.01769702
-0.06862748 3.63333678 -0.01756442
-0.06862748 3.72360325 -0.01712653
-0.06862748 3.81386971 -0.01625455
-0.06862748 3.90413618 -0.01587051
-0.06862748 3.99440265 -0.01455890
-0.06862748 4.08466911 -0.01412726
-0.06862748 4.17493534 -0.01446558
-0.06862748 4.26520157 -0.01312949
-0.06862748 4.35546780 -0.01312277
-0.06862748 4.44573402 -0.01189429
-0.06862748 4.53600025 -0.01169751
-0.04901963 0.02268000 -1.00000000
-0.04901963 0.11294640 -0.99487722
-0.04901963 0.20321280 -0.99485296
-0.04901963 0.29347920 -0.99484044
-0.04901963 0.38374561 -0.99476385
-0.04901963 0.47401202 -0.99458283
-0.04901963 0.56427842 -0.99411821
-0.04901963 0.65454483 -0.99121130
-0.04901963 0.74481124 -0.98241395
-0.04901963 0.83507764 -0.96759272
-0.04901963 0.92534405 -0.94806302
-0.04901963 1.01561046 -0.91183227
-0.04901963 1.10587680 -0.83825731
-0.04901963 1.19614315 -0.70359743
-0.04901963 1.28640950 -0.49231419
-0.04901963 1.37667584 -0.30657449
-0.04901963 1.46694219 -0.19479321
-0.04901963 1.55720854 -0.13870850
-0.04901963 1.64747488 -0.11301712
-0.04901963 1.73774123 -0.08861630
-0.04901963 1.82800758 -0.07185467
-0.04901963 1.91827393 -0.05825873
-0.04901963 2.00854039 -0.04724512
-0.04901963 2.09880686 -0.04244739
-0.04901963 2.18907332 -0.03700589
-0.04901963 2.27933979 -0.03298898
-0.04901963 2.36960626 -0.03181924
-0.04901963 2.45987272 -0.02806372
-0.04901963 2.55013919 -0.02574985
-0.04901963 2.64040565 -0.02412662
-0.04901963 2.73067212 -0.02243277
-0.04901963 2.82093859 -0.02131812
-0.04901963 2.91120505 -0.01882065
-0.04901963 3.00147152 -0.01826321
-0.04901963 3.09173799 -0.01805688
-0.04901963 3.18200445 -0.01547934
-0.04901963 3.27227092 -0.01575607
-0.04901963 3.36253738 -0.01444296
-0.04901963 3.45280385 -0.01332990
-0.04901963 3.54307032 -0.01306412
-0.04901963 3.63333678 -0.01255017
-0.04901963 3.72360325 -0.01178070
-0.04901963 3.81386971 -0.01121481
-0.04901963 3.90413618 -0.01150601
-0.04901963 3.99440265 -0.01110175
-0.04901963 4.08466911 -0.00967337
-0.04901963 4.17493534 -0.00935681
-0.04901963 4.26520157 -0.00924994
-0.04901963 4.35546780 -0.00911649
-0.04901963 4.44573402 -0.00919281
-0.04901963 4.53600025 -0.00885919
-0.02941179 0.02268000 -1.00000000
-0.02941179 0.11294640 -0.99485940
-0.02941179 0.20321280 -0.99483991
-0.02941179 0.29347920 -0.99481207
-0.02941179 0.38374561 -0.99474949
-0.02941179 0.47401202 -0.99453843
-0.02941179 0.56427842 -0.99403733
-0.02941179 0.65454483 -0.99112999
-0.02941179 0.74481124 -0.98217523
-0.02941179 0.83507764 -0.96719640
-0.02941179 0.92534405 -0.94547582
-0.02941179 1.01561046 -0.90878731
-0.02941179 1.10587680 -0.82496959
-0.02941179 1.19614315 -0.65230870
-0.02941179 1.28640950 -0.34788114
-0.02941179 1.37667584 -0.20410055
-0.02941179 1.46694219 -0.12405325
-0.02941179 1.55720854 -0.08060639
-0.02941179 1.64747488 -0.06156033
-0.02941179 1.73774123 -0.05128903
-0.02941179 1.82800758 -0.04368066
-0.02941179 1.91827393 -0.03434091
-0.02941179 2.00854039 -0.02661542
-0.02941179 2.09880686 -0.02686508
-0.02941179 2.18907332 -0.02269910
-0.02941179 2.27933979 -0.01912033
-0.02941179 2.36960626 -0.01850653
-0.02941179 2.45987272 -0.01602481
-0.02941179 2.55013919 -0.01431195
-0.02941179 2.64040565 -0.01346481
-0.02941179 2.73067212 -0.01279041
-0.02941179 2.82093859 -0.01225806
-0.02941179 2.91120505 -0.01177365
-0.02941179 3.00147152 -0.01018192
-0.02941179 3.09173799 -0.01011349
-0.02941179 3.18200445 -0.00884564
-0.02941179 3.27227092 -0.00989771
-0.02941179 3.36253738 -0.00901694
-0.02941179 3.45280385 -0.00809723
-0.02941179 3.54307032 -0.00745230
-0.02941179 3.63333678 -0.00754178
-0.02941179 3.72360325 -0.00741437
-0.02941179 3.81386971 -0.00574692
-0.02941179 3.90413618 -0.00581674
-0.02941179 3.99440265 -0.00557120
-0.02941179 4.08466911 -0.00602063
-0.02941179 4.17493534 -0.00541266
-0.02941179 4.26520157 -0.00495993
-0.02941179 4.35546780 -0.00500946
-0.02941179 4.44573402 -0.00469675
-0.02941179 4.53600025 -0.00474707
-0.00980395 0.02268000 -1.00000000
-0.00980395 0.11294640 -0.99481529
-0.00980395 0.20321280 -0.99484169
-0.00980395 0.29347920 -0.99482000
-0.00980395 0.38374561 -0.99476612
-0.00980395 0.47401202 -0.99453992
-0.00980395 0.56427842 -0.99402845
-0.00980395 0.65454483 -0.99106443
-0.00980395 0.74481124 -0.98180604
-0.00980395 0.83507764 -0.96636122
-0.00980395 0.92534405 -0.94336873
-0.00980395 1.01561046 -0.90250009
-0.00980395 1.10587680 -0.79001927
-0.00980395 1.19614315 -0.48578626
-0.00980395 1.28640950 -0.12157941
-0.00980395 1.37667584 -0.07256967
-0.00980395 1.46694219 -0.02293512
-0.00980395 1.55720854 -0.02789996
-0.00980395 1.64747488 -0.01875232
-0.00980395 1.73774123 -0.01496838
-0.00980395 1.82800758 -0.01214044
-0.00980395 1.91827393 -0.01029675
-0.00980395 2.00854039 -0.01095633
-0.00980395 2.09880686 -0.00919006
-0.00980395 2.18907332 -0.00816870
-0.00980395 2.27933979 -0.00685455
-0.00980395 2.36960626 -0.00613263
-0.00980395 2.45987272 -0.00381967
-0.00980395 2.55013919 -0.00371487
-0.00980395 2.64040565 -0.00301700
-0.00980395 2.73067212 -0.00417340
-0.00980395 2.82093859 -0.00316873
-0.00980395 2.91120505 -0.00333481
-0.00980395 3.00147152 -0.00140601
-0.00980395 3.09173799 -0.00268961
-0.00980395 3.18200445 -0.00162177
-0.00980395 3.27227092 -0.00227631
-0.00980395 3.36253738 -0.00274506
-0.00980395 3.45280385 -0.00118460
-0.00980395 3.54307032 -0.00137515
-0.00980395 3.63333678 -0.00247440
-0.00980395 3.72360325 -0.00204236
-0.00980395 3.81386971 -0.00111136
-0.00980395 3.90413618 -0.00210187
-0.00980395 3.99440265 -0.00198465
-0.00980395 4.08466911 -0.00187308
-0.00980395 4.17493534 -0.00122629
-0.00980395 4.26520157 -0.00193857
-0.00980395 4.35546780 -0.00164673
-0.00980395 4.44573402 -0.00177371
-0.00980395 4.53600025 -0.00181265
0.00980390 0.02268000 1.00000000
0.00980390 0.11294640 0.99483269
0.00980390 0.20321280 0.99480569
0.00980390 0.29347920 0.99482447
0.00980390 0.38374561 0.99473947
0.00980390 0.47401202 0.99453783
0.00980390 0.56427842 0.99401045
0.00980390 0.65454483 0.99109095
0.00980390 0.74481124 0.98187953
0.00980390 0.83507764 0.96632051
0.00980390 0.92534405 0.94311136
0.00980390 1.01561046 0.90255213
0.00980390 1.10587680 0.79228634
0.00980390 1.19614315 0.47662777
0.00980390 1.28640950 0.11847363
0.00980390 1.37667584 0.07751209
0.00980390 1.46694219 0.02524036
0.00980390 1.55720854 0.02824121
0.00980390 1.64747488 0.01985394
0.00980390 1.73774123 0.01445651
0.00980390 1.82800758 0.01152139
0.00980390 1.91827393 0.00979407
0.00980390 2.00854039 0.01067755
0.00980390 2.09880686 0.00927042
0.00980390 2.18907332 0.00853076
0.00980390 2.27933979 0.00642172
0.00980390 2.36960626 0.00615793
0.00980390 2.45987272 0.00350061
0.00980390 2.55013919 0.00360226
0.00980390 2.64040565 0.00307034
0.00980390 2.73067212 0.00390759
0.00980390 2.82093859 0.00310721
0.00980390 2.91120505 0.00343076
0.00980390 3.00147152 0.00151071
0.00980390 3.09173799 0.00277631
0.00980390 3.18200445 0.00185495
0.00980390 3.27227092 0.00218600
0.00980390 3.36253738 0.00269110
0.00980390 3.45280385 0.00135941
0.00980390 3.54307032 0.00154446
0.00980390 3.63333678 0.00234396
0.00980390 3.72360325 0.00214111
0.00980390 3.81386971 0.00087750
0.00980390 3.90413618 0.00207684
0.00980390 3.99440265 0.00216226
0.00980390 4.08466911 0.00177017
0.00980390 4.17493534 0.00104074
0.00980390 4.26520157 0.00203354
0.00980390 4.35546780 0.00181763
0.00980390 4.44573402 0.00197531
0.00980390 4.53600025 0.00174329
0.02941174 0.02268000 1.00000000
0.02941174 0.11294640 0.99484974
0.02941174 0.20321280 0.99485373
0.02941174 0.29347920 0.99483544
0.02941174 0.38374561 0.99475217
0.02941174 0.47401202 0.99451101
0.02941174 0.56427842 0.99404603
0.02941174 0.65454483 0.99107730
0.02941174 0.74481124 0.98219091
0.02941174 0.83507764 0.96712548
0.02941174 0.92534405 0.94543749
0.02941174 1.01561046 0.90839648
0.02941174 1.10587680 0.82557583
0.02941174 1.19614315 0.65300453
0.02941174 1.28640950 0.34822312
0.02941174 1.37667584 0.20271344
0.02941174 1.46694219 0.12098260
0.02941174 1.55720854 0.07962323
0.02941174 1.64747488 0.06190851
0.02941174 1.73774123 0.05162341
0.02941174 1.82800758 0.04296344
0.02941174 1.91827393 0.03467426
0.02941174 2.00854039 0.02755884
0.02941174 2.09880686 0.02632175
0.02941174 2.18907332 0.02295459
0.02941174 2.27933979 0.01883261
0.02941174 2.36960626 0.01865418
0.02941174 2.45987272 0.01601901
0.02941174 2.55013919 0.01438614
0.02941174 2.64040565 0.01352963
0.02941174 2.73067212 0.01243225
0.02941174 2.82093859 0.01210245
0.02941174 2.91120505 0.01158054
0.02941174 3.00147152 0.01016269
0.02941174 3.09173799 0.01018878
0.02941174 3.18200445 0.00890967
0.02941174 3.27227092 0.00966122
0.02941174 3.36253738 0.00896381
0.02941174 3.45280385 0.00823850
0.02941174 3.54307032 0.00748914
0.02941174 3.63333678 0.00750122
0.02941174 3.72360325 0.00737973
0.02941174 3.81386971 0.00564200
0.02941174 3.90413618 0.00575113
0.02941174 3.99440265 0.00550317
0.02941174 4.08466911 0.00605444
0.02941174 4.17493534 0.00526620
0.02941174 4.26520157 0.00497455
0.02941174 4.35546780 0.00495020
0.02941174 4.44573402 0.00491446
0.02941174 4.53600025 0.00470065
0.04901958 0.02268000 1.00000000
0.04901958 0.11294640 0.99487758
0.04901958 0.20321280 0.99485821
0.04901958 0.29347920 0.99485129
0.04901958 0.38374561 0.99474192
0.04901958 0.47401202 0.99456882
0.04901958 0.56427842 0.99410218
0.04901958 0.65454483 0.99116188
0.04901958 0.74481124 0.98246717
0.04901958 0.83507764 0.96766835
0.04901958 0.92534405 0.94797045
0.04901958 1.01561046 0.91179711
0.04901958 1.10587680 0.83783436
0.04901958 1.19614315 0.70592690
0.04901958 1.28640950 0.49834132
0.04901958 1.37667584 0.30540413
0.04901958 1.46694219 0.19370185
0.04901958 1.55720854 0.13909326
0.04901958 1.64747488 0.11375354
0.04901958 1.73774123 0.08939606
0.04901958 1.82800758 0.07150803
0.04901958 1.91827393 0.05810294
0.04901958 2.00854039 0.04796936
0.04901958 2.09880686 0.04227442
0.04901958 2.18907332 0.03715628
0.04901958 2.27933979 0.03328900
0.04901958 2.36960626 0.03173636
0.04901958 2.45987272 0.02757278
0.04901958 2.55013919 0.02555655
0.04901958 2.64040565 0.02428906
0.04901958 2.73067212 0.02290790
0.04901958 2.82093859 0.02163861
0.04901958 2.91120505 0.01873700
0.04901958 3.00147152 0.01829288
0.04901958 3.09173799 0.01811291
0.04901958 3.18200445 0.01538199
0.04901958 3.27227092 0.01599280
0.04901958 3.36253738 0.01439008
0.04901958 3.45280385 0.01331830
0.04901958 3.54307032 0.01297833
0.04901958 3.63333678 0.01239236
0.04901958 3.72360325 0.01178748
0.04901958 3.81386971 0.01106918
0.04901958 3.90413618 0.01142837
0.04901958 3.99440265 0.01118475
0.04901958 4.08466911 0.00984830
0.04901958 4.17493534 0.00926746
0.04901958 4.26520157 0.00929306
0.04901958 4.35546780 0.00893350
0.04901958 4.44573402 0.00903766
0.04901958 4.53600025 0.00899622
0.06862742 0.02268000 1.00000000
0.06862742 0.11294640 0.99488252
0.06862742 0.20321280 0.99486989
0.06862742 0.29347920 0.99486291
0.06862742 0.38374561 0.99476731
0.06862742 0.47401202 0.99458927
0.06862742 0.56427842 0.99410534
0.06862742 0.65454483 0.99127531
0.06862742 0.74481124 0.98270625
0.06862742 0.83507764 0.97639543
0.06862742 0.92534405 0.94899803
0.06862742 1.01561046 0.91694558
0.06862742 1.10587680 0.85552549
0.06862742 1.19614315 0.74140298
0.06862742 1.28640950 0.58028799
0.06862742 1.37667584 0.39652511
0.06862742 1.46694219 0.27959985
0.06862742 1.55720854 0.20460419
0.06862742 1.64747488 0.15346317
0.06862742 1.73774123 0.12026022
0.06862742 1.82800758 0.09449252
0.06862742 1.91827393 0.07878354
0.06862742 2.00854039 0.07007813
0.06862742 2.09880686 0.06096561
0.06862742 2.18907332 0.05279660
0.06862742 2.27933979 0.04806653
0.06862742 2.36960626 0.04548251
0.06862742 2.45987272 0.04011935
0.06862742 2.55013919 0.03730267
0.06862742 2.64040565 0.03511456
0.06862742 2.73067212 0.03060767
0.06862742 2.82093859 0.03040539
0.06862742 2.91120505 0.02651627
0.06862742 3.00147152 0.02564902
0.06862742 3.09173799 0.02405994
0.06862742 3.18200445 0.02246393
0.06862742 3.27227092 0.02078333
0.06862742 3.36253738 0.02090311
0.06862742 3.45280385 0.01964526
0.06862742 3.54307032 0.01795541
0.06862742 3.63333678 0.01719400
0.06862742 3.72360325 0.01718265
0.06862742 3.81386971 0.01638113
0.06862742 3.90413618 0.01584760
0.06862742 3.99440265 0.01438367
0.06862742 4.08466911 0.01419092
0.06862742 4.17493534 0.01445554
0.06862742 4.26520157 0.01342093
0.06862742 4.35546780 0.01305670
0.06862742 4.44573402 0.01173727
0.06862742 4.53600025 0.01181787
0.08823527 0.02268000 1.00000000
0.08823527 0.11294640 0.99490172
0.08823527 0.20321280 0.99488187
0.08823527 0.29347920 0.99483913
0.08823527 0.38374561 0.99475670
0.08823527 0.47401202 0.99459207
0.08823527 0.56427842 0.99421424
0.08823527 0.65454483 0.99309838
0.08823527 0.74481124 0.98273182
0.08823527 0.83507764 0.97649914
0.08823527 0.92534405 0.95070386
0.08823527 1.01561046 0.92037553
0.08823527 1.10587680 0.86451358
0.08823527 1.19614315 0.77230763
0.08823527 1.28640950 0.62844932
0.08823527 1.37667584 0.44886324
0.08823527 1.46694219 0.33553267
0.08823527 1.55720854 0.25448531
0.08823527 1.64747488 0.18731384
0.08823527 1.73774123 0.15460953
0.08823527 1.82800758 0.12534009
0.08823527 1.91827393 0.10509451
0.08823527 2.00854039 0.09065427
0.08823527 2.09880686 0.07846145
0.08823527 2.18907332 0.06905728
0.08823527 2.27933979 0.06291556
0.08823527 2.36960626 0.05573407
0.08823527 2.45987272 0.05204242
0.08823527 2.55013919 0.04690863
0.08823527 2.64040565 0.04309458
0.08823527 2.73067212 0.04060242
0.08823527 2.82093859 0.03529263
0.08823527 2.91120505 0.03559885
0.08823527 3.00147152 0.03303671
0.08823527 3.09173799 0.03042114
0.08823527 3.18200445 0.03037863
0.08823527 3.27227092 0.02667743
0.08823527 3.36253738 0.02558826
0.08823527 3.45280385 0.02528458
0.08823527 3.54307032 0.02458206
0.08823527 3.63333678 0.02276312
0.08823527 3.72360325 0.02112506
0.08823527 3.81386971 0.02053165
0.08823527 3.90413618 0.01964255
0.08823527 3.99440265 0.01962262
0.08823527 4.08466911 0.01831497
0.08823527 4.17493534 0.01728519
0.08823527 4.26520157 0.01756750
0.08823527 4.35546780 0.01734293
0.08823527 4.44573402 0.01606931
0.08823527 4.53600025 0.01497211
0.10784311 0.02268000 1.00000000
0.10784311 0.11294640 0.99487853
0.10784311 0.20321280 0.99486828
0.10784311 0.29347920 0.99485886
0.10784311 0.38374561 0.99475914
0.10784311 0.47401202 0.99466693
0.10784311 0.56427842 0.99417835
0.10784311 0.65454483 0.99312127
0.10784311 0.74481124 0.98300260
0.10784311 0.83507764 0.97708011
0.10784311 0.92534405 0.95151842
0.10784311 1.01561046 0.92493641
0.10784311 1.10587680 0.87069678
0.10784311 1.19614315 0.79164672
0.10784311 1.28640950 0.66683447
0.10784311 1.37667584 0.52986765
0.10784311 1.46694219 0.39462680
0.10784311 1.55720854 0.29121777
0.10784311 1.64747488 0.22731289
0.10784311 1.73774123 0.18138474
0.10784311 1.82800758 0.14976849
0.10784311 1.91827393 0.12436005
0.10784311 2.00854039 0.10826987
0.10784311 2.09880686 0.09489105
0.10784311 2.18907332 0.08521997
0.10784311 2.27933979 0.07513019
0.10784311 2.36960626 0.06844678
0.10784311 2.45987272 0.06209317
0.10784311 2.55013919 0.05588391
0.10784311 2.64040565 0.05319458
0.10784311 2.73067212 0.04917242
0.10784311 2.82093859 0.04532984
0.10784311 2.91120505 0.04259125
0.10784311 3.00147152 0.04105078
0.10784311 3.09173799 0.03750806
0.10784311 3.18200445 0.03690607
0.10784311 3.27227092 0.03425751
0.10784311 3.36253738 0.03255273
0.10784311 3.45280385 0.02924570
0.10784311 3.54307032 0.02891763
0.10784311 3.63333678 0.02790945
0.10784311 3.72360325 0.02734079
0.10784311 3.81386971 0.02516657
0.10784311 3.90413618 0.02362985
0.10784311 3.99440265 0.02271353
0.10784311 4.08466911 0.02288232
0.10784311 4.17493534 0.02170020
0.10784311 4.26520157 0.02104187
0.10784311 4.35546780 0.02051300
0.10784311 4.44573402 0.02006754
0.10784311 4.53600025 0.01973785
0.12745096 0.02268000 1.00000000
0.12745096 0.11294640 0.99489713
0.12745096 0.20321280 0.99487340
0.12745096 0.29347920 0.99488467
0.12745096 0.38374561 0.99481452
0.12745096 0.47401202 0.99468201
0.12745096 0.56427842 0.99424511
0.12745096 0.65454483 0.99323821
0.12745096 0.74481124 0.98325330
0.12745096 0.83507764 0.97734952
0.12745096 0.92534405 0.96105719
0.12745096 1.01561046 0.92776269
0.12745096 1.10587680 0.87699389
0.12745096 1.19614315 0.80129969
0.12745096 1.28640950 0.70286727
0.12745096 1.37667584 0.56905872
0.12745096 1.46694219 0.43436658
0.12745096 1.55720854 0.33300269
0.12745096 1.64747488 0.27111632
0.12745096 1.73774123 0.21707383
0.12745096 1.82800758 0.18054727
0.12745096 1.91827393 0.15172629
0.12745096 2.00854039 0.13092038
0.12745096 2.09880686 0.11557547
0.12745096 2.18907332 0.10154367
0.12745096 2.27933979 0.09034170
0.12745096 2.36960626 0.08136493
0.12745096 2.45987272 0.07469119
0.12745096 2.55013919 0.06736001
0.12745096 2.64040565 0.06322812
0.12745096 2.73067212 0.05774072
0.12745096 2.82093859 0.05380078
0.12745096 2.91120505 0.04949225
0.12745096 3.00147152 0.04727618
0.12745096 3.09173799 0.04504868
0.12745096 3.18200445 0.04317496
0.12745096 3.27227092 0.03976813
0.12745096 3.36253738 0.03834247
0.12745096 3.45280385 0.03593854
0.12745096 3.54307032 0.03444220
0.12745096 3.63333678 0.03208777
0.12745096 3.72360325 0.03119510
0.12745096 3.81386971 0.02998907
0.12745096 3.90413618 0.02916223
0.12745096 3.99440265 0.02830157
0.12745096 4.08466911 0.02596674
0.12745096 4.17493534 0.02577393
0.12745096 4.26520157 0.02544803
0.12745096 4.35546780 0.02394144
0.12745096 4.44573402 0.02396445
0.12745096 4.53600025 0.02282797
0.14705880 0.02268000 1.00000000
0.14705880 0.11294640 0.99488819
0.14705880 0.20321280 0.99488062
0.14705880 0.29347920 0.99485630
0.14705880 0.38374561 0.99483705
0.14705880 0.47401202 0.99466747
0.14705880 0.56427842 0.99426246
0.14705880 0.65454483 0.99326497
0.14705880 0.74481124 0.98984575
0.14705880 0.83507764 0.97770804
0.14705880 0.92534405 0.96154505
0.14705880 1.01561046 0.93027836
0.14705880 1.10587680 0.88238049
0.14705880 1.19614315 0.82730848
0.14705880 1.28640950 0.72003341
0.14705880 1.37667584 0.60354823
0.14705880 1.46694219 0.47591782
0.14705880 1.55720854 0.38365534
0.14705880 1.64747488 0.30147466
0.14705880 1.73774123 0.24569251
0.14705880 1.82800758 0.20191287
0.14705880 1.91827393 0.17270795
0.14705880 2.00854039 0.15211804
0.14705880 2.09880686 0.12908857
0.14705880 2.18907332 0.11438763
0.14705880 2.27933979 0.10397428
0.14705880 2.36960626 0.09498248
0.14705880 2.45987272 0.08613247
0.14705880 2.55013919 0.07822751
0.14705880 2.64040565 0.07081812
0.14705880 2.73067212 0.06650143
0.14705880 2.82093859 0.06343985
0.14705880 2.91120505 0.05859412
0.14705880 3.00147152 0.05510117
0.14705880 3.09173799 0.05226096
0.14705880 3.18200445 0.04972925
0.14705880 3.27227092 0.04701123
0.14705880 3.36253738 0.04337991
0.14705880 3.45280385 0.04139468
0.14705880 3.54307032 0.03978021
0.14705880 3.63333678 0.03830914
0.14705880 3.72360325 0.03595477
0.14705880 3.81386971 0.03490259
0.14705880 3.90413618 0.03384024
0.14705880 3.99440265 0.03202014
0.14705880 4.08466911 0.03144711
0.14705880 4.17493534 0.02944916
0.14705880 4.26520157 0.02880850
0.14705880 4.35546780 0.02776703
0.14705880 4.44573402 0.02752887
0.14705880 4.53600025 0.02670471
0.16666664 0.02268000 1.00000000
0.16666664 0.11294640 0.99492663
0.16666664 0.20321280 0.99486876
0.16666664 0.29347920 0.99486858
0.16666664 0.38374561 0.99482125
0.16666664 0.47401202 0.99463892
0.16666664 0.56427842 0.99426299
0.16666664 0.65454483 0.99329966
0.16666664 0.74481124 0.99001586
0.16666664 0.83507764 0.97839218
0.16666664 0.92534405 0.96263087
0.16666664 1.01561046 0.93203729
0.16666664 1.10587680 0.89690173
0.16666664 1.19614315 0.83710456
0.16666664 1.28640950 0.73742539
0.16666664 1.37667584 0.63185924
0.16666664 1.46694219 0.52417606
0.16666664 1.55720854 0.41434410
0.16666664 1.64747488 0.33697027
0.16666664 1.73774123 0.27513921
0.16666664 1.82800758 0.22711179
0.16666664 1.91827393 0.19545172
0.16666664 2.00854039 0.16568197
0.16666664 2.09880686 0.14673755
0.16666664 2.18907332 0.12925003
0.16666664 2.27933979 0.11970498
0.16666664 2.36960626 0.10667111
0.16666664 2.45987272 0.09489474
0.16666664 2.55013919 0.08954593
0.16666664 2.64040565 0.08189819
0.16666664 2.73067212 0.07660443
0.16666664 2.82093859 0.07120556
0.16666664 2.91120505 0.06655975
0.16666664 3.00147152 0.06163644
0.16666664 3.09173799 0.05818381
0.16666664 3.18200445 0.05538577
0.16666664 3.27227092 0.05215164
0.16666664 3.36253738 0.04960584
0.16666664 3.45280385 0.04834842
0.16666664 3.54307032 0.04573102
0.16666664 3.63333678 0.04237561
0.16666664 3.72360325 0.04092215
0.16666664 3.81386971 0.03899783
0.16666664 3.90413618 0.03834201
0.16666664 3.99440265 0.03668100
0.16666664 4.08466911 0.03541074
0.16666664 4.17493534 0.03479434
0.16666664 4.26520157 0.03234476
0.16666664 4.35546780 0.03220535
0.16666664 4.44573402 0.03059048
0.16666664 4.53600025 0.02952917
0.18627448 0.02268000 1.00000000
0.18627448 0.11294640 0.99490404
0.18627448 0.20321280 0.99488378
0.18627448 0.29347920 0.99486953
0.18627448 0.38374561 0.99488348
0.18627448 0.47401202 0.99465954
0.18627448 0.56427842 0.99431556
0.18627448 0.65454483 0.99332786
0.18627448 0.74481124 0.99009997
0.18627448 0.83507764 0.97880840
0.18627448 0.92534405 0.96304411
0.18627448 1.01561046 0.93408936
0.18627448 1.10587680 0.90094036
0.18627448 1.19614315 0.84274507
0.18627448 1.28640950 0.76810461
0.18627448 1.37667584 0.65793675
0.18627448 1.46694219 0.55406219
0.18627448 1.55720854 0.45113331
0.18627448 1.64747488 0.36895606
0.18627448 1.73774123 0.30389252
0.18627448 1.82800758 0.25459495
0.18627448 1.91827393 0.22008127
0.18627448 2.00854039 0.18741031
0.18627448 2.09880686 0.16398397
0.18627448 2.18907332 0.14543021
0.18627448 2.27933979 0.13205817
0.18627448 2.36960626 0.12064206
0.18627448 2.45987272 0.10789627
0.18627448 2.55013919 0.09998208
0.18627448 2.64040565 0.09203009
0.18627448 2.73067212 0.08521884
0.18627448 2.82093859 0.08000918
0.18627448 2.91120505 0.07454474
0.18627448 3.00147152 0.06951947
0.18627448 3.09173799 0.06477783
0.18627448 3.18200445 0.06240832
0.18627448 3.27227092 0.05929632
0.18627448 3.36253738 0.05601209
0.18627448 3.45280385 0.05317255
0.18627448 3.54307032 0.05063861
0.18627448 3.63333678 0.04798904
0.18627448 3.72360325 0.04578128
0.18627448 3.81386971 0.04484540
0.18627448 3.90413618 0.04189996
0.18627448 3.99440265 0.04054270
0.18627448 4.08466911 0.03980780
0.18627448 4.17493534 0.03813431
0.18627448 4.26520157 0.03654855
0.18627448 4.35546780 0.03568738
0.18627448 4.44573402 0.03459207
0.18627448 4.53600025 0.03316052
0.20588233 0.02268000 1.00000000
0.20588233 0.11294640 0.99489415
0.20588233 0.20321280 0.99489856
0.20588233 0.29347920 0.99488831
0.20588233 0.38374561 0.99482083
0.20588233 0.47401202 0.99469078
0.20588233 0.56427842 0.99429172
0.20588233 0.65454483 0.99339503
0.20588233 0.74481124 0.99018443
0.20588233 0.83507764 0.97902769
0.20588233 0.92534405 0.96428931
0.20588233 1.01561046 0.93516505
0.20588233 1.10587680 0.90465933
0.20588233 1.19614315 0.85002697
0.20588233 1.28640950 0.77650440
0.20588233 1.37667584 0.67655849
0.20588233 1.46694219 0.58119571
0.20588233 1.55720854 0.47357732
0.20588233 1.64747488 0.39914221
0.20588233 1.73774123 0.33452955
0.20588233 1.82800758 0.27844483
0.20588233 1.91827393 0.23707373
0.20588233 2.00854039 0.20481159
0.20588233 2.09880686 0.18013437
0.20588233 2.18907332 0.16112565
0.20588233 2.27933979 0.14537659
0.20588233 2.36960626 0.13289098
0.20588233 2.45987272 0.11938971
0.20588233 2.55013919 0.10942096
0.20588233 2.64040565 0.10026355
0.20588233 2.73067212 0.09367783
0.20588233 2.82093859 0.08796670
0.20588233 2.91120505 0.08310504
0.20588233 3.00147152 0.07643896
0.20588233 3.09173799 0.07278644
0.20588233 3.18200445 0.06971972
0.20588233 3.27227092 0.06493539
0.20588233 3.36253738 0.06246179
0.20588233 3.45280385 0.05819559
0.20588233 3.54307032 0.05593854
0.20588233 3.63333678 0.05430267
0.20588233 3.72360325 0.05120752
0.20588233 3.81386971 0.04865311
0.20588233 3.90413618 0.04725049
0.20588233 3.99440265 0.04505438
0.20588233 4.08466911 0.04293298
0.20588233 4.17493534 0.04285776
0.20588233 4.26520157 0.04143851
0.20588233 4.35546780 0.03908139
0.20588233 4.44573402 0.03818121
0.20588233 4.53600025 0.03674603
0.22549017 0.02268000 1.00000000
0.22549017 0.11294640 0.99491125
0.22549017 0.20321280 0.99489993
0.22549017 0.29347920 0.99491835
0.22549017 0.38374561 0.99483657
0.22549017 0.47401202 0.99468750
0.22549017 0.56427842 0.99435681
0.22549017 0.65454483 0.99344569
0.22549017 0.74481124 0.99024671
0.22549017 0.83507764 0.97940618
0.22549017 0.92534405 0.96473235
0.22549017 1.01561046 0.94549745
0.22549017 1.10587680 0.90683949
0.22549017 1.19614315 0.85931760
0.22549017 1.28640950 0.78921264
0.22549017 1.37667584 0.70770186
0.22549017 1.46694219 0.60088581
0.22549017 1.55720854 0.51221120
0.22549017 1.64747488 0.42358947
0.22549017 1.73774123 0.35415015
0.22549017 1.82800758 0.30070898
0.22549017 1.91827393 0.25762251
0.22549017 2.00854039 0.22463547
0.22549017 2.09880686 0.19810288
0.22549017 2.18907332 0.17643426
0.22549017 2.27933979 0.15893371
0.22549017 2.36960626 0.14313202
0.22549017 2.45987272 0.13140015
0.22549017 2.55013919 0.12135608
0.22549017 2.64040565 0.10992184
0.22549017 2.73067212 0.10337774
0.22549017 2.82093859 0.09561490
0.22549017 2.91120505 0.09121735
0.22549017 3.00147152 0.08499032
0.22549017 3.09173799 0.08063495
0.22549017 3.18200445 0.07550372
0.22549017 3.27227092 0.07164408
0.22549017 3.36253738 0.06784765
0.22549017 3.45280385 0.06459280
0.22549017 3.54307032 0.06180185
0.22549017 3.63333678 0.05896680
0.22549017 3.72360325 0.05627216
0.22549017 3.81386971 0.05374423
0.22549017 3.90413618 0.05198145
0.22549017 3.99440265 0.05044760
0.22549017 4.08466911 0.04769555
0.22549017 4.17493534 0.04563742
0.22549017 4.26520157 0.04474154
0.22549017 4.35546780 0.04267035
0.22549017 4.44573402 0.04153024
0.22549017 4.53600025 0.04082114
0.24509801 0.02268000 1.00000000
0.24509801 0.11294640 0.99493968
0.24509801 0.20321280 0.99491370
0.24509801 0.29347920 0.99490130
0.24509801 0.38374561 0.99485660
0.24509801 0.47401202 0.99468631
0.24509801 0.56427842 0.99437279
0.24509801 0.65454483 0.99346608
0.24509801 0.74481124 0.99041122
0.24509801 0.83507764 0.97957206
0.24509801 0.92534405 0.96546572
0.24509801 1.01561046 0.94633555
0.24509801 1.10587680 0.90973890
0.24509801 1.19614315 0.86279023
0.24509801 1.28640950 0.80146337
0.24509801 1.37667584 0.71918249
0.24509801 1.46694219 0.62269497
0.24509801 1.55720854 0.53396511
0.24509801 1.64747488 0.45128337
0.24509801 1.73774123 0.37777105
0.24509801 1.82800758 0.32540628
0.24509801 1.91827393 0.28103563
0.24509801 2.00854039 0.24479984
0.24509801 2.09880686 0.21638724
0.24509801 2.18907332 0.19292150
0.24509801 2.27933979 0.17330472
0.24509801 2.36960626 0.15634006
0.24509801 2.45987272 0.14257020
0.24509801 2.55013919 0.12968607
0.24509801 2.64040565 0.11974543
0.24509801 2.73067212 0.11027344
0.24509801 2.82093859 0.10486530
0.24509801 2.91120505 0.09809671
0.24509801 3.00147152 0.09183902
0.24509801 3.09173799 0.08763239
0.24509801 3.18200445 0.08122058
0.24509801 3.27227092 0.07795746
0.24509801 3.36253738 0.07236029
0.24509801 3.45280385 0.06978891
0.24509801 3.54307032 0.06763122
0.24509801 3.63333678 0.06284741
0.24509801 3.72360325 0.06059537
0.24509801 3.81386971 0.05745871
0.24509801 3.90413618 0.05557700
0.24509801 3.99440265 0.05414972
0.24509801 4.08466911 0.05184128
0.24509801 4.17493534 0.05023441
0.24509801 4.26520157 0.04847168
0.24509801 4.35546780 0.04773203
0.24509801 4.44573402 0.04543054
0.24509801 4.53600025 0.04304925
0.26470587 0.02268000 1.00000000
0.26470587 0.11294640 0.99490756
0.26470587 0.20321280 0.99488515
0.26470587 0.29347920 0.99488837
0.26470587 0.38374561 0.99483758
0.26470587 0.47401202 0.99466974
0.26470587 0.56427842 0.99441367
0.26470587 0.65454483 0.99344486
0.26470587 0.74481124 0.99051720
0.26470587 0.83507764 0.97998154
0.26470587 0.92534405 0.96581823
0.26470587 1.01561046 0.94756174
0.26470587 1.10587680 0.91365391
0.26470587 1.19614315 0.86816442
0.26470587 1.28640950 0.80696386
0.26470587 1.37667584 0.73238695
0.26470587 1.46694219 0.65290332
0.26470587 1.55720854 0.55821693
0.26470587 1.64747488 0.47317469
0.26470587 1.73774123 0.40708587
0.26470587 1.82800758 0.34628698
0.26470587 1.91827393 0.29816362
0.26470587 2.00854039 0.26143819
0.26470587 2.09880686 0.22783291
0.26470587 2.18907332 0.20709784
0.26470587 2.27933979 0.18610740
0.26470587 2.36960626 0.16885895
0.26470587 2.45987272 0.15465496
0.26470587 2.55013919 0.14040555
0.26470587 2.64040565 0.13069007
0.26470587 2.73067212 0.12133139
0.26470587 2.82093859 0.11295291
0.26470587 2.91120505 0.10572803
0.26470587 3.00147152 0.09923960
0.26470587 3.09173799 0.09389148
0.26470587 3.18200445 0.08807776
0.26470587 3.27227092 0.08268088
0.26470587 3.36253738 0.07900027
0.26470587 3.45280385 0.07540403
0.26470587 3.54307032 0.07168008
0.26470587 3.63333678 0.06778378
0.26470587 3.72360325 0.06552612
0.26470587 3.81386971 0.06333762
0.26470587 3.90413618 0.06081702
0.26470587 3.99440265 0.05762195
0.26470587 4.08466911 0.05593243
0.26470587 4.17493534 0.05370279
0.26470587 4.26520157 0.05209314
0.26470587 4.35546780 0.05034796
0.26470587 4.44573402 0.04880795
0.26470587 4.53600025 0.04773596
0.28431371 0.02268000 1.00000000
0.28431371 0.11294640 0.99491686
0.28431371 0.20321280 0.99491137
0.28431371 0.29347920 0.99487442
0.28431371 0.38374561 0.99487120
0.28431371 0.47401202 0.99468917
0.28431371 0.56427842 0.99439162
0.28431371 0.65454483 0.99363887
0.28431371 0.74481124 0.99060327
0.28431371 0.83507764 0.97996056
0.28431371 0.92534405 0.96856749
0.28431371 1.01561046 0.94829792
0.28431371 1.10587680 0.91664481
0.28431371 1.19614315 0.87334210
0.28431371 1.28640950 0.81575006
0.28431371 1.37667584 0.74797231
0.28431371 1.46694219 0.66932702
0.28431371 1.55720854 0.57443923
0.28431371 1.64747488 0.49477130
0.28431371 1.73774123 0.42693922
0.28431371 1.82800758 0.36535418
0.28431371 1.91827393 0.31904730
0.28431371 2.00854039 0.27540353
0.28431371 2.09880686 0.24601868
0.28431371 2.18907332 0.21846969
0.28431371 2.27933979 0.19984497
0.28431371 2.36960626 0.18051687
0.28431371 2.45987272 0.16360340
0.28431371 2.55013919 0.15136905
0.28431371 2.64040565 0.14037979
0.28431371 2.73067212 0.13041922
0.28431371 2.82093859 0.12113336
0.28431371 2.91120505 0.11408768
0.28431371 3.00147152 0.10689422
0.28431371 3.09173799 0.09921524
0.28431371 3.18200445 0.09476028
0.28431371 3.27227092 0.08991751
0.28431371 3.36253738 0.08518430
0.28431371 3.45280385 0.08061017
0.28431371 3.54307032 0.07705826
0.28431371 3.63333678 0.07430734
0.28431371 3.72360325 0.07040484
0.28431371 3.81386971 0.06805570
0.28431371 3.90413618 0.06412344
0.28431371 3.99440265 0.06238226
0.28431371 4.08466911 0.06074496
0.28431371 4.17493534 0.05760742
0.28431371 4.26520157 0.05685642
0.28431371 4.35546780 0.05463305
0.28431371 4.44573402 0.05229880
0.28431371 4.53600025 0.05112335
0.30392155 0.02268000 1.00000000
0.30392155 0.11294640 0.99491405
0.30392155 0.20321280 0.99492300
0.30392155 0.29347920 0.99487376
0.30392155 0.38374561 0.99486756
0.30392155 0.47401202 0.99475801
0.30392155 0.56427842 0.99448496
0.30392155 0.65454483 0.99365354
0.30392155 0.74481124 0.99067569
0.30392155 0.83507764 0.98208630
0.30392155 0.92534405 0.96881181
0.30392155 1.01561046 0.95000231
0.30392155 1.10587680 0.91946745
0.30392155 1.19614315 0.87545776
0.30392155 1.28640950 0.82206041
0.30392155 1.37667584 0.75527453
0.30392155 1.46694219 0.67846996
0.30392155 1.55720854 0.59335905
0.30392155 1.64747488 0.51845419
0.30392155 1.73774123 0.44878179
0.30392155 1.82800758 0.38589847
0.30392155 1.91827393 0.33259121
0.30392155 2.00854039 0.29235208
0.30392155 2.09880686 0.26347491
0.30392155 2.18907332 0.23467673
0.30392155 2.27933979 0.20974638
0.30392155 2.36960626 0.19249716
0.30392155 2.45987272 0.17391299
0.30392155 2.55013919 0.16144684
0.30392155 2.64040565 0.14935943
0.30392155 2.73067212 0.13805307
0.30392155 2.82093859 0.12936658
0.30392155 2.91120505 0.11962735
0.30392155 3.00147152 0.11347906
0.30392155 3.09173799 0.10608551
0.30392155 3.18200445 0.10107879
0.30392155 3.27227092 0.09570032
0.30392155 3.36253738 0.09080664
0.30392155 3.45280385 0.08664651
0.30392155 3.54307032 0.08350665
0.30392155 3.63333678 0.07932004
0.30392155 3.72360325 0.07645389
0.30392155 3.81386971 0.07331546
0.30392155 3.90413618 0.06964786
0.30392155 3.99440265 0.06687976
0.30392155 4.08466911 0.06481131
0.30392155 4.17493534 0.06184445
0.30392155 4.26520157 0.06011136
0.30392155 4.35546780 0.05851248
0.30392155 4.44573402 0.05593628
0.30392155 4.53600025 0.05420505
0.32352939 0.02268000 1.00000000
0.32352939 0.11294640 0.99492079
0.32352939 0.20321280 0.99491912
0.32352939 0.29347920 0.99490207
0.32352939 0.38374561 0.99485999
0.32352939 0.47401202 0.99476868
0.32352939 0.56427842 0.99449295
0.32352939 0.65454483 0.99367893
0.32352939 0.74481124 0.99072337
0.32352939 0.83507764 0.98232836
0.32352939 0.92534405 0.96950263
0.32352939 1.01561046 0.95112216
0.32352939 1.10587680 0.92011118
0.32352939 1.19614315 0.88881147
0.32352939 1.28640950 0.83652520
0.32352939 1.37667584 0.76498610
0.32352939 1.46694219 0.69457358
0.32352939 1.55720854 0.61877680
0.32352939 1.64747488 0.53648365
0.32352939 1.73774123 0.46267816
0.32352939 1.82800758 0.40365350
0.32352939 1.91827393 0.35385847
0.32352939 2.00854039 0.31300971
0.32352939 2.09880686 0.27702621
0.32352939 2.18907332 0.24856800
0.32352939 2.27933979 0.22313076
0.32352939 2.36960626 0.20159140
0.32352939 2.45987272 0.18553939
0.32352939 2.55013919 0.17312403
0.32352939 2.64040565 0.15821664
0.32352939 2.73067212 0.14703704
0.32352939 2.82093859 0.13698004
0.32352939 2.91120505 0.12827402
0.32352939 3.00147152 0.12059388
0.32352939 3.09173799 0.11402521
0.32352939 3.18200445 0.10766580
0.32352939 3.27227092 0.10311990
0.32352939 3.36253738 0.09674665
0.32352939 3.45280385 0.09200513
0.32352939 3.54307032 0.08818957
0.32352939 3.63333678 0.08372916
0.32352939 3.72360325 0.08044671
0.32352939 3.81386971 0.07644690
0.32352939 3.90413618 0.07366174
0.32352939 3.99440265 0.07064020
0.32352939 4.08466911 0.06894928
0.32352939 4.17493534 0.06705325
0.32352939 4.26520157 0.06390613
0.32352939 4.35546780 0.06208408
0.32352939 4.44573402 0.05965762
0.32352939 4.53600025 0.05747205
0.34313723 0.02268000 1.00000000
0.34313723 0.11294640 0.99491626
0.34313723 0.20321280 0.99492747
0.34313723 0.29347920 0.99490172
0.34313723 0.38374561 0.99486071
0.34313723 0.47401202 0.99476624
0.34313723 0.56427842 0.99450958
0.34313723 0.65454483 0.99370229
0.34313723 0.74481124 0.99073476
0.34313723 0.83507764 0.98248649
0.34313723 0.92534405 0.96976954
0.34313723 1.01561046 0.95161229
0.34313723 1.10587680 0.92229140
0.34313723 1.19614315 0.89058483
0.34313723 1.28640950 0.84326339
0.34313723 1.37667584 0.78423035
0.34313723 1.46694219 0.70712429
0.34313723 1.55720854 0.63483012
0.34313723 1.64747488 0.55524111
0.34313723 1.73774123 0.48131734
0.34313723 1.82800758 0.42202976
0.34313723 1.91827393 0.37063017
0.34313723 2.00854039 0.32992050
0.34313723 2.09880686 0.29259449
0.34313723 2.18907332 0.26292267
0.34313723 2.27933979 0.23462304
0.34313723 2.36960626 0.21609165
0.34313723 2.45987272 0.19778937
0.34313723 2.55013919 0.18092005
0.34313723 2.64040565 0.16839148
0.34313723 2.73067212 0.15597989
0.34313723 2.82093859 0.14662430
0.34313723 2.91120505 0.13584341
0.34313723 3.00147152 0.12762867
0.34313723 3.09173799 0.12104620
0.34313723 3.18200445 0.11490231
0.34313723 3.27227092 0.10786633
0.34313723 3.36253738 0.10240784
0.34313723 3.45280385 0.09871475
0.34313723 3.54307032 0.09279068
0.34313723 3.63333678 0.08993161
0.34313723 3.72360325 0.08589041
0.34313723 3.81386971 0.08268961
0.34313723 3.90413618 0.07868155
0.34313723 3.99440265 0.07617365
0.34313723 4.08466911 0.07276614
0.34313723 4.17493534 0.07023999
0.34313723 4.26520157 0.06792884
0.34313723 4.35546780 0.06546094
0.34313723 4.44573402 0.06363138
0.34313723 4.53600025 0.06163922
0.36274508 0.02268000 1.00000000
0.36274508 0.11294640 0.99492210
0.36274508 0.20321280 0.99486434
0.36274508 0.29347920 0.99490321
0.36274508 0.38374561 0.99487919
0.36274508 0.47401202 0.99478006
0.36274508 0.56427842 0.99457842
0.36274508 0.65454483 0.99377269
0.36274508 0.74481124 0.99123949
0.36274508 0.83507764 0.98256618
0.36274508 0.92534405 0.97031957
0.36274508 1.01561046 0.95500624
0.36274508 1.10587680 0.93182838
0.36274508 1.19614315 0.89427102
0.36274508 1.28640950 0.84811658
0.36274508 1.37667584 0.78929234
0.36274508 1.46694219 0.71624315
0.36274508 1.55720854 0.64449680
0.36274508 1.64747488 0.56627494
0.36274508 1.73774123 0.50513345
0.36274508 1.82800758 0.44053832
0.36274508 1.91827393 0.38957542
0.36274508 2.00854039 0.34430510
0.36274508 2.09880686 0.30367261
0.36274508 2.18907332 0.27856678
0.36274508 2.27933979 0.24952398
0.36274508 2.36960626 0.22742935
0.36274508 2.45987272 0.20966507
0.36274508 2.55013919 0.18987589
0.36274508 2.64040565 0.17626601
0.36274508 2.73067212 0.16508676
0.36274508 2.82093859 0.15367319
0.36274508 2.91120505 0.14309943
0.36274508 3.00147152 0.13576120
0.36274508 3.09173799 0.12731019
0.36274508 3.18200445 0.12185831
0.36274508 3.27227092 0.11431690
0.36274508 3.36253738 0.10952475
0.36274508 3.45280385 0.10320520
0.36274508 3.54307032 0.09861551
0.36274508 3.63333678 0.09448300
0.36274508 3.72360325 0.09000918
0.36274508 3.81386971 0.08682321
0.36274508 3.90413618 0.08321676
0.36274508 3.99440265 0.08003870
0.36274508 4.08466911 0.07698700
0.36274508 4.17493534 0.07390991
0.36274508 4.26520157 0.07103556
0.36274508 4.35546780 0.06922342
0.36274508 4.44573402 0.06795532
0.36274508 4.53600025 0.06464200
0.38235292 0.02268000 1.00000000
0.38235292 0.11294640 0.99493289
0.38235292 0.20321280 0.99490649
0.38235292 0.29347920 0.99489278
0.38235292 0.38374561 0.99488539
0.38235292 0.47401202 0.99477136
0.38235292 0.56427842 0.99456507
0.38235292 0.65454483 0.99378687
0.38235292 0.74481124 0.99121857
0.38235292 0.83507764 0.98290241
0.38235292 0.92534405 0.97084540
0.38235292 1.01561046 0.95529336
0.38235292 1.10587680 0.93341148
0.38235292 1.19614315 0.89728600
0.38235292 1.28640950 0.85400391
0.38235292 1.37667584 0.79800832
0.38235292 1.46694219 0.73582858
0.38235292 1.55720854 0.65959048
0.38235292 1.64747488 0.59069556
0.38235292 1.73774123 0.52111059
0.38235292 1.82800758 0.45616320
0.38235292 1.91827393 0.40471190
0.38235292 2.00854039 0.35936713
0.38235292 2.09880686 0.32050988
0.38235292 2.18907332 0.28907719
0.38235292 2.27933979 0.25961360
0.38235292 2.36960626 0.23860312
0.38235292 2.45987272 0.21619275
0.38235292 2.55013919 0.20099035
0.38235292 2.64040565 0.18712835
0.38235292 2.73067212 0.17454007
0.38235292 2.82093859 0.16068213
0.38235292 2.91120505 0.15233798
0.38235292 3.00147152 0.14290094
0.38235292 3.09173799 0.13393143
0.38235292 3.18200445 0.12555404
0.38235292 3.27227092 0.12051395
0.38235292 3.36253738 0.11411185
0.38235292 3.45280385 0.10901147
0.38235292 3.54307032 0.10454752
0.38235292 3.63333678 0.10026743
0.38235292 3.72360325 0.09415210
0.38235292 3.81386971 0.09090182
0.38235292 3.90413618 0.08694641
0.38235292 3.99440265 0.08456149
0.38235292 4.08466911 0.08126169
0.38235292 4.17493534 0.07823846
0.38235292 4.26520157 0.07549365
0.38235292 4.35546780 0.07283167
0.38235292 4.44573402 0.07101373
0.38235292 4.53600025 0.06856579
0.40196076 0.02268000 1.00000000
0.40196076 0.11294640 0.99491775
0.40196076 0.20321280 0.99489683
0.40196076 0.29347920 0.99490523
0.40196076 0.38374561 0.99488074
0.40196076 0.47401202 0.99476629
0.40196076 0.56427842 0.99455798
0.40196076 0.65454483 0.99380964
0.40196076 0.74481124 0.99129993
0.40196076 0.83507764 0.98301929
0.40196076 0.92534405 0.97100210
0.40196076 1.01561046 0.95568305
0.40196076 1.10587680 0.93403006
0.40196076 1.19614315 0.90152282
0.40196076 1.28640950 0.85798979
0.40196076 1.37667584 0.80667430
0.40196076 1.46694219 0.74589992
0.40196076 1.55720854 0.67234129
0.40196076 1.64747488 0.60370141
0.40196076 1.73774123 0.53345388
0.40196076 1.82800758 0.47222945
0.40196076 1.91827393 0.42044055
0.40196076 2.00854039 0.37422019
0.40196076 2.09880686 0.33443651
0.40196076 2.18907332 0.30047455
0.40196076 2.27933979 0.27100143
0.40196076 2.36960626 0.25035089
0.40196076 2.45987272 0.22901700
0.40196076 2.55013919 0.21100698
0.40196076 2.64040565 0.19457886
0.40196076 2.73067212 0.18161567
0.40196076 2.82093859 0.16929731
0.40196076 2.91120505 0.15904568
0.40196076 3.00147152 0.15082648
0.40196076 3.09173799 0.14164935
0.40196076 3.18200445 0.13286838
0.40196076 3.27227092 0.12760916
0.40196076 3.36253738 0.11986499
0.40196076 3.45280385 0.11502127
0.40196076 3.54307032 0.11025873
0.40196076 3.63333678 0.10360208
0.40196076 3.72360325 0.09998346
0.40196076 3.81386971 0.09604032
0.40196076 3.90413618 0.09307776
0.40196076 3.99440265 0.08858307
0.40196076 4.08466911 0.08474389
0.40196076 4.17493534 0.08169071
0.40196076 4.26520157 0.08034342
0.40196076 4.35546780 0.07698034
0.40196076 4.44573402 0.07415869
0.40196076 4.53600025 0.07144897
0.42156860 0.02268000 1.00000000
0.42156860 0.11294640 0.99493468
0.42156860 0.20321280 0.99493259
0.42156860 0.29347920 0.99492723
0.42156860 0.38374561 0.99489540
0.42156860 0.47401202 0.99480188
0.42156860 0.56427842 0.99457580
0.42156860 0.65454483 0.99382323
0.42156860 0.74481124 0.99143142
0.42156860 0.83507764 0.98303854
0.42156860 0.92534405 0.97155857
0.42156860 1.01561046 0.95659435
0.42156860 1.10587680 0.93600976
0.42156860 1.19614315 0.90383065
0.42156860 1.28640950 0.86278051
0.42156860 1.37667584 0.81109053
0.42156860 1.46694219 0.75063467
0.42156860 1.55720854 0.68826544
0.42156860 1.64747488 0.61966795
0.42156860 1.73774123 0.54826242
0.42156860 1.82800758 0.48793283
0.42156860 1.91827393 0.43561694
0.42156860 2.00854039 0.38824162
0.42156860 2.09880686 0.34778753
0.42156860 2.18907332 0.31580806
0.42156860 2.27933979 0.28688613
0.42156860 2.36960626 0.25938743
0.42156860 2.45987272 0.23940064
0.42156860 2.55013919 0.21968475
0.42156860 2.64040565 0.20438379
0.42156860 2.73067212 0.19089036
0.42156860 2.82093859 0.17728782
0.42156860 2.91120505 0.16607687
0.42156860 3.00147152 0.15685675
0.42156860 3.09173799 0.14832458
0.42156860 3.18200445 0.13971579
0.42156860 3.27227092 0.13157590
0.42156860 3.36253738 0.12679419
0.42156860 3.45280385 0.12067544
0.42156860 3.54307032 0.11400278
0.42156860 3.63333678 0.11001504
0.42156860 3.72360325 0.10497797
0.42156860 3.81386971 0.10075241
0.42156860 3.90413618 0.09671765
0.42156860 3.99440265 0.09280566
0.42156860 4.08466911 0.08939847
0.42156860 4.17493534 0.08659018
0.42156860 4.26520157 0.08331858
0.42156860 4.35546780 0.08114096
0.42156860 4.44573402 0.07825927
0.42156860 4.53600025 0.07508835
0.44117644 0.02268000 1.00000000
0.44117644 0.11294640 0.99491453
0.44117644 0.20321280 0.99489027
0.44117644 0.29347920 0.99491113
0.44117644 0.38374561 0.99489260
0.44117644 0.47401202 0.99479115
0.44117644 0.56427842 0.99457943
0.44117644 0.65454483 0.99384356
0.44117644 0.74481124 0.99138689
0.44117644 0.83507764 0.98321581
0.44117644 0.92534405 0.97185016
0.44117644 1.01561046 0.95743829
0.44117644 1.10587680 0.93696344
0.44117644 1.19614315 0.90554559
0.44117644 1.28640950 0.86499095
0.44117644 1.37667584 0.81694579
0.44117644 1.46694219 0.76166403
0.44117644 1.55720854 0.69936293
0.44117644 1.64747488 0.62850147
0.44117644 1.73774123 0.56891823
0.44117644 1.82800758 0.50299048
0.44117644 1.91827393 0.44982356
0.44117644 2.00854039 0.40208426
0.44117644 2.09880686 0.36069888
0.44117644 2.18907332 0.32849920
0.44117644 2.27933979 0.29848877
0.44117644 2.36960626 0.27092540
0.44117644 2.45987272 0.24969135
0.44117644 2.55013919 0.23054144
0.44117644 2.64040565 0.21345080
0.44117644 2.73067212 0.19945435
0.44117644 2.82093859 0.18639240
0.44117644 2.91120505 0.17361191
0.44117644 3.00147152 0.16288507
0.44117644 3.09173799 0.15497610
0.44117644 3.18200445 0.14697668
0.44117644 3.27227092 0.13872656
0.44117644 3.36253738 0.13251804
0.44117644 3.45280385 0.12491736
0.44117644 3.54307032 0.11865009
0.44117644 3.63333678 0.11476508
0.44117644 3.72360325 0.11027026
0.44117644 3.81386971 0.10577802
0.44117644 3.90413618 0.10151260
0.44117644 3.99440265 0.09772155
0.44117644 4.08466911 0.09386703
0.44117644 4.17493534 0.09046414
0.44117644 4.26520157 0.08757578
0.44117644 4.35546780 0.08385834
0.44117644 4.44573402 0.08211011
0.44117644 4.53600025 0.07886682
0.46078429 0.02268000 1.00000000
0.46078429 0.11294640 0.99492276
0.46078429 0.20321280 0.99491495
0.46078429 0.29347920 0.99489772
0.46078429 0.38374561 0.99487466
0.46078429 0.47401202 0.99481899
0.46078429 0.56427842 0.99462169
0.46078429 0.65454483 0.99392849
0.46078429 0.74481124 0.99147385
0.46078429 0.83507764 0.98374563
0.46078429 0.92534405 0.97224694
0.46078429 1.01561046 0.95804578
0.46078429 1.10587680 0.93809009
0.46078429 1.19614315 0.90787715
0.46078429 1.28640950 0.87729442
0.46078429 1.37667584 0.82226473
0.46078429 1.46694219 0.76979017
0.46078429 1.55720854 0.70853770
0.46078429 1.64747488 0.64018643
0.46078429 1.73774123 0.57769561
0.46078429 1.82800758 0.51878041
0.46078429 1.91827393 0.46371388
0.46078429 2.00854039 0.41586873
0.46078429 2.09880686 0.37365389
0.46078429 2.18907332 0.33845174
0.46078429 2.27933979 0.30917463
0.46078429 2.36960626 0.28424731
0.46078429 2.45987272 0.25819126
0.46078429 2.55013919 0.23891982
0.46078429 2.64040565 0.22203384
0.46078429 2.73067212 0.20873743
0.46078429 2.82093859 0.19312330
0.46078429 2.91120505 0.18181522
0.46078429 3.00147152 0.17195243
0.46078429 3.09173799 0.16158146
0.46078429 3.18200445 0.15189362
0.46078429 3.27227092 0.14486267
0.46078429 3.36253738 0.13683133
0.46078429 3.45280385 0.13004734
0.46078429 3.54307032 0.12568823
0.46078429 3.63333678 0.11918247
0.46078429 3.72360325 0.11395053
0.46078429 3.81386971 0.10978144
0.46078429 3.90413618 0.10537817
0.46078429 3.99440265 0.10148660
0.46078429 4.08466911 0.09764722
0.46078429 4.17493534 0.09520791
0.46078429 4.26520157 0.09159350
0.46078429 4.35546780 0.08782199
0.46078429 4.44573402 0.08564688
0.46078429 4.53600025 0.08279141
0.48039213 0.02268000 1.00000000
0.48039213 0.11294640 0.99491602
0.48039213 0.20321280 0.99492347
0.48039213 0.29347920 0.99492246
0.48039213 0.38374561 0.99490380
0.48039213 0.47401202 0.99480689
0.48039213 0.56427842 0.99460059
0.48039213 0.65454483 0.99392980
0.48039213 0.74481124 0.99160546
0.48039213 0.83507764 0.98381054
0.48039213 0.92534405 0.97240353
0.48039213 1.01561046 0.95861197
0.48039213 1.10587680 0.94088608
0.48039213 1.19614315 0.90920645
0.48039213 1.28640950 0.87914920
0.48039213 1.37667584 0.83406878
0.48039213 1.46694219 0.77363557
0.48039213 1.55720854 0.71656060
0.48039213 1.64747488 0.65817791
0.48039213 1.73774123 0.59188426
0.48039213 1.82800758 0.53155446
0.48039213 1.91827393 0.47789291
0.48039213 2.00854039 0.42996463
0.48039213 2.09880686 0.38685638
0.48039213 2.18907332 0.35036191
0.48039213 2.27933979 0.32028437
0.48039213 2.36960626 0.29322839
0.48039213 2.45987272 0.26996806
0.48039213 2.55013919 0.24926153
0.48039213 2.64040565 0.23055600
0.48039213 2.73067212 0.21503207
0.48039213 2.82093859 0.20166819
0.48039213 2.91120505 0.18840365
0.48039213 3.00147152 0.17664233
0.48039213 3.09173799 0.16779697
0.48039213 3.18200445 0.15842208
0.48039213 3.27227092 0.15047964
0.48039213 3.36253738 0.14343558
0.48039213 3.45280385 0.13737890
0.48039213 3.54307032 0.12953614
0.48039213 3.63333678 0.12445499
0.48039213 3.72360325 0.11912204
0.48039213 3.81386971 0.11410416
0.48039213 3.90413618 0.10972086
0.48039213 3.99440265 0.10605420
0.48039213 4.08466911 0.10218045
0.48039213 4.17493534 0.09785657
0.48039213 4.26520157 0.09503973
0.48039213 4.35546780 0.09201651
0.48039213 4.44573402 0.08882815
0.48039213 4.53600025 0.08573090
0.49999997 0.02268000 1.00000000
0.49999997 0.11294640 0.99491793
0.49999997 0.20321280 0.99491799
0.49999997 0.29347920 0.99490428
0.49999997 0.38374561 0.99490273
0.49999997 0.47401202 0.99480480
0.49999997 0.56427842 0.99460632
0.49999997 0.65454483 0.99391931
0.49999997 0.74481124 0.99171585
0.49999997 0.83507764 0.98406923
0.49999997 0.92534405 0.97914112
0.49999997 1.01561046 0.95922321
0.49999997 1.10587680 0.94205844
0.49999997 1.19614315 0.91901308
0.49999997 1.28640950 0.88257360
0.49999997 1.37667584 0.83913171
0.49999997 1.46694219 0.78900331
0.49999997 1.55720854 0.72600442
0.49999997 1.64747488 0.66565490
0.49999997 1.73774123 0.60379225
0.49999997 1.82800758 0.54688692
0.49999997 1.91827393 0.49015149
0.49999997 2.00854039 0.44315296
0.49999997 2.09880686 0.40374932
0.49999997 2.18907332 0.36528641
0.49999997 2.27933979 0.33207268
0.49999997 2.36960626 0.30177450
0.49999997 2.45987272 0.27972579
0.49999997 2.55013919 0.25828466
0.49999997 2.64040565 0.24079321
0.49999997 2.73067212 0.22299081
0.49999997 2.82093859 0.20984335
0.49999997 2.91120505 0.19601376
0.49999997 3.00147152 0.18429449
0.49999997 3.09173799 0.17425983
0.49999997 3.18200445 0.16545719
0.49999997 3.27227092 0.15682898
0.49999997 3.36253738 0.14876761
0.49999997 3.45280385 0.14149591
0.49999997 3.54307032 0.13582119
0.49999997 3.63333678 0.12905563
0.49999997 3.72360325 0.12531842
0.49999997 3.81386971 0.11945630
0.49999997 3.90413618 0.11518075
0.49999997 3.99440265 0.11109311
0.49999997 4.08466911 0.10622165
0.49999997 4.17493534 0.10171753
0.49999997 4.26520157 0.09907354
0.49999997 4.35546780 0.09505402
0.49999997 4.44573402 0.09278354
0.49999997 4.53600025 0.08928293
